0	2	976
2	0	196
0	976	521
976	2	787
2	196	425
196	0	610
0	521	661
521	976	450
976	787	43
787	2	955
2	425	955
425	196	330
196	610	887
610	0	661
661	521	508
521	450	250
450	976	43
43	787	843
787	955	335
955	425	166
425	330	823
330	196	887
887	610	879
610	661	428
661	508	104
508	521	250
250	450	894
450	43	572
43	843	639
843	787	335
335	955	574
955	166	574
166	425	823
823	330	982
330	887	56
887	879	267
879	610	428
428	661	104
104	508	750
508	250	792
250	894	372
894	450	572
572	43	639
639	843	578
843	335	731
335	574	802
574	166	653
166	823	270
823	982	514
982	330	56
56	887	267
267	879	693
879	428	895
428	104	590
104	750	316
750	508	792
792	250	372
372	894	493
894	572	893
572	639	561
639	578	509
578	843	731
731	335	802
802	574	373
574	653	373
653	166	270
270	823	514
514	982	81
982	56	318
56	267	318
267	693	990
693	879	895
895	428	590
590	104	316
316	750	404
750	792	57
792	372	30
372	493	381
493	894	893
893	572	561
561	639	509
509	578	470
578	731	145
731	802	394
802	373	763
373	653	370
653	270	463
270	514	566
514	81	90
81	982	318
318	267	990
990	693	239
693	895	902
895	590	251
590	316	713
316	404	54
404	750	57
57	792	30
30	372	381
381	493	256
493	893	662
893	561	467
561	509	189
509	470	302
470	578	145
145	731	394
394	802	763
763	373	289
373	370	289
370	653	463
463	270	566
566	514	90
90	81	140
81	318	810
318	990	852
990	239	997
239	693	902
902	895	251
251	590	713
713	316	54
54	404	942
404	57	942
57	30	803
30	381	575
381	256	622
256	493	662
662	893	467
467	561	189
189	509	302
302	470	774
470	145	774
145	394	346
394	763	587
763	289	746
289	370	331
370	463	424
463	566	666
566	90	24
90	140	102
140	81	810
810	318	852
852	990	997
997	239	379
239	902	733
902	251	609
251	713	913
713	54	585
54	942	58
942	57	185
57	803	185
803	30	575
575	381	622
622	256	182
256	662	735
662	467	613
467	189	427
189	302	79
302	774	882
774	145	850
145	346	850
346	394	587
587	763	746
746	289	556
289	331	556
331	370	424
424	463	666
666	566	24
24	90	102
102	140	670
140	810	246
810	852	540
852	997	840
997	379	433
379	239	733
733	902	609
609	251	913
913	713	585
585	54	58
58	942	851
942	185	851
185	803	654
803	575	654
575	622	916
622	182	917
182	256	735
735	662	613
613	467	427
427	189	79
79	302	882
882	774	227
774	850	227
850	346	80
346	587	114
587	746	114
746	556	55
556	331	342
331	424	838
424	666	16
666	24	743
24	102	386
102	670	936
670	140	246
246	810	540
540	852	840
840	997	433
433	379	383
379	733	784
733	609	760
609	913	689
913	585	905
585	58	193
58	851	985
851	185	724
185	654	45
654	575	916
916	622	917
917	182	25
182	735	885
735	613	160
613	427	40
427	79	339
79	882	658
882	227	845
227	850	147
850	80	147
80	346	114
114	746	110
746	55	110
55	556	817
556	342	817
342	331	838
838	424	16
16	666	743
743	24	386
386	102	936
936	670	954
670	246	553
246	540	553
540	840	567
840	433	567
433	383	95
383	379	784
784	733	760
760	609	689
689	913	905
905	585	193
193	58	985
985	851	484
851	724	484
724	185	45
45	654	340
654	916	340
916	917	582
917	25	215
25	182	885
885	735	160
160	613	40
40	427	339
339	79	658
658	882	845
845	227	579
227	147	579
147	80	527
80	114	305
114	110	305
110	55	355
55	817	355
817	342	637
342	838	291
838	16	252
16	743	321
743	386	632
386	936	294
936	954	767
954	670	553
553	540	911
540	567	911
567	433	95
95	383	464
383	784	224
784	760	975
760	689	969
689	905	84
905	193	366
193	985	301
985	484	144
484	724	568
724	45	568
45	340	205
340	916	582
582	917	215
215	25	934
25	885	363
885	160	472
160	40	795
40	339	452
339	658	229
658	845	333
845	579	832
579	147	49
147	527	49
527	80	305
305	110	341
110	355	341
355	817	402
817	637	402
637	342	291
291	838	252
252	16	321
321	743	632
632	386	294
294	936	767
767	954	337
954	553	862
553	911	877
911	567	937
567	95	937
95	464	163
464	383	224
224	784	975
975	760	969
969	689	84
84	905	366
366	193	301
301	985	144
144	484	623
484	568	94
568	45	205
205	340	97
340	582	97
582	215	929
215	934	523
934	25	363
363	885	472
472	160	795
795	40	452
452	339	229
229	658	333
333	845	832
832	579	753
579	49	753
49	527	456
527	305	112
305	341	112
341	355	938
355	402	938
402	637	712
637	291	138
291	252	389
252	321	117
321	632	594
632	294	869
294	767	153
767	337	966
337	954	862
862	553	877
877	911	987
911	937	987
937	95	163
163	464	266
464	224	732
224	975	688
975	969	559
969	84	469
84	366	855
366	301	812
301	144	432
144	623	573
623	484	94
94	568	359
568	205	359
205	97	909
97	582	929
929	215	523
523	934	948
934	363	258
363	472	276
472	795	41
795	452	485
452	229	854
229	333	292
333	832	412
832	753	128
753	49	564
49	456	564
456	527	112
112	341	531
341	938	531
938	402	457
402	712	457
712	637	138
138	291	389
389	252	117
117	321	594
594	632	869
869	294	153
153	767	966
966	337	631
337	862	598
862	877	705
877	987	705
987	937	584
937	163	584
163	266	148
266	464	732
732	224	688
688	975	559
559	969	469
469	84	855
855	366	812
812	301	432
432	144	573
573	623	306
623	94	306
94	359	240
359	205	909
909	97	897
97	929	897
929	523	216
523	948	723
948	934	258
258	363	276
276	472	41
41	795	485
485	452	854
854	229	292
292	333	412
412	832	128
128	753	87
753	564	87
564	456	22
456	112	857
112	531	857
531	938	620
938	457	620
457	712	468
712	138	652
138	389	798
389	117	86
117	594	356
594	869	842
869	153	824
153	966	824
966	631	353
631	337	598
598	862	705
705	987	494
987	584	494
584	163	148
148	266	841
266	732	549
732	688	60
688	559	709
559	469	939
469	855	858
855	812	856
812	432	23
432	573	74
573	306	778
306	94	240
240	359	515
359	909	515
909	897	550
897	929	216
216	523	723
723	948	941
948	258	648
258	276	442
276	41	395
41	485	554
485	854	956
854	292	900
292	412	186
412	128	907
128	87	10
87	564	844
564	22	844
22	456	857
857	531	680
531	620	680
620	457	141
457	468	141
468	712	652
652	138	798
798	389	86
86	117	356
356	594	842
842	869	824
824	966	353
353	631	413
631	598	944
598	705	541
705	494	904
494	584	992
584	148	992
148	841	903
841	266	549
549	732	60
60	688	709
709	559	939
939	469	858
858	855	856
856	812	23
23	432	74
74	573	778
778	306	738
306	240	738
240	515	546
515	909	550
550	897	714
897	216	714
216	723	164
723	941	277
941	948	648
648	258	442
442	276	395
395	41	554
554	485	956
956	854	900
900	292	186
186	412	907
907	128	10
10	87	396
87	844	396
844	22	387
22	857	203
857	680	203
680	620	146
620	141	146
141	468	194
468	652	344
652	798	420
798	86	8
86	356	806
356	842	687
842	824	209
824	353	605
353	413	426
413	631	944
944	598	541
541	705	904
904	494	538
494	992	538
992	148	903
903	841	943
841	549	33
549	60	385
60	709	930
709	939	309
939	858	685
858	856	183
856	23	444
23	74	496
74	778	757
778	738	214
738	240	546
546	515	796
515	550	796
550	714	677
714	216	164
164	723	277
277	941	403
941	648	377
648	442	588
442	395	63
395	554	949
554	956	360
956	900	127
900	186	679
186	907	213
907	10	901
10	396	325
396	844	686
844	387	686
387	22	203
203	680	915
680	146	915
146	141	65
141	194	65
194	468	344
344	652	420
420	798	8
8	86	806
806	356	687
687	842	209
209	824	605
605	353	426
426	413	547
413	944	96
944	541	972
541	904	972
904	538	769
538	992	272
992	903	272
903	943	202
943	841	33
33	549	385
385	60	930
930	709	309
309	939	685
685	858	183
183	856	444
444	23	496
496	74	757
757	778	214
214	738	47
738	546	47
546	796	533
796	550	677
677	714	173
714	164	173
164	277	411
277	403	818
403	941	377
377	648	588
588	442	63
63	395	949
949	554	360
360	956	127
127	900	679
679	186	213
213	907	901
901	10	325
325	396	361
396	686	361
686	387	62
387	203	881
203	915	881
915	146	46
146	65	46
65	194	974
194	344	790
344	420	607
420	8	993
8	806	519
806	687	443
687	209	476
209	605	165
605	426	4
426	547	248
547	413	96
96	944	972
972	904	769
769	538	219
538	272	219
272	903	202
202	943	933
943	33	274
33	385	737
385	930	129
930	309	211
309	685	797
685	183	945
183	444	756
444	496	762
496	757	70
757	214	350
214	47	195
47	546	533
533	796	244
796	677	244
677	173	338
173	164	411
411	277	818
818	403	828
403	377	7
377	588	973
588	63	14
63	949	501
949	360	801
360	127	188
127	679	931
679	213	931
213	901	524
901	325	820
325	361	820
361	686	589
686	62	589
62	387	881
881	915	130
915	46	130
46	65	171
65	974	171
974	194	790
790	344	607
607	420	993
993	8	519
519	806	443
443	687	476
476	209	165
165	605	4
4	426	248
248	547	249
547	96	34
96	972	149
972	769	149
769	219	925
219	272	181
272	202	181
202	933	656
933	943	274
274	33	737
737	385	129
129	930	211
211	309	797
797	685	945
945	183	756
756	444	762
762	496	70
70	757	350
350	214	195
195	47	190
47	533	190
533	244	875
244	677	338
338	173	76
173	411	76
411	818	500
818	828	730
828	403	7
7	377	973
973	588	14
14	63	501
501	949	801
801	360	188
188	127	931
931	213	716
213	524	716
524	901	820
820	361	860
361	589	860
589	62	123
62	881	287
881	130	287
130	46	481
46	171	481
171	974	647
974	790	382
790	607	775
607	993	703
993	519	517
519	443	873
443	476	878
476	165	641
165	4	641
4	248	263
248	249	646
249	547	34
34	96	149
149	769	925
925	219	604
219	181	604
181	202	656
656	933	407
933	274	633
274	737	75
737	129	630
129	211	991
211	797	448
797	945	343
945	756	199
756	762	19
762	70	507
70	350	668
350	195	751
195	190	11
190	533	875
875	244	435
244	338	435
338	76	391
76	411	500
500	818	730
730	828	336
828	7	184
7	973	660
973	14	77
14	501	332
501	801	288
801	188	271
188	931	180
931	716	180
716	524	388
524	820	9
820	860	867
860	589	374
589	123	374
123	62	287
287	130	174
130	481	174
481	171	695
171	647	695
647	974	382
382	790	775
775	607	703
703	993	517
517	519	873
873	443	878
878	476	641
641	4	593
4	263	593
263	248	646
646	249	611
249	34	440
34	149	518
149	925	518
925	604	558
604	181	839
181	656	839
656	407	776
407	933	633
633	274	75
75	737	630
630	129	991
991	211	448
448	797	343
343	945	199
199	756	19
19	762	507
507	70	668
668	350	751
751	195	11
11	190	280
190	875	280
875	435	625
435	338	391
391	76	157
76	500	157
500	730	698
730	336	621
336	828	184
184	7	660
660	973	77
77	14	332
332	501	288
288	801	271
271	188	180
180	716	230
716	388	230
388	524	9
9	820	867
867	860	262
860	374	262
374	123	48
123	287	886
287	174	886
174	481	430
481	695	430
695	647	791
647	382	345
382	775	268
775	703	768
703	517	684
517	873	788
873	878	918
878	641	108
641	593	108
593	263	710
263	646	710
646	611	197
611	249	440
440	34	518
518	925	558
558	604	871
604	839	871
839	656	776
776	407	626
407	633	487
633	75	729
75	630	98
630	991	98
991	448	906
448	343	551
343	199	551
199	19	352
19	507	520
507	668	896
668	751	701
751	11	17
11	280	545
280	875	625
625	435	717
435	391	717
391	157	864
157	500	698
698	730	621
621	336	53
336	184	682
184	660	577
660	77	154
77	332	725
332	288	13
288	271	178
271	180	870
180	230	870
230	388	644
388	9	221
9	867	221
867	262	101
262	374	139
374	48	139
48	123	886
886	174	37
174	430	37
430	695	964
695	791	964
791	647	345
345	382	268
268	775	768
768	703	684
684	517	788
788	873	918
918	878	108
108	593	100
593	710	100
710	646	197
197	611	105
611	440	718
440	518	455
518	558	455
558	871	978
871	839	736
839	776	736
776	626	497
626	407	487
487	633	729
729	75	98
98	991	26
991	906	26
906	448	551
551	199	595
199	352	595
352	19	520
520	507	896
896	668	701
701	751	17
17	11	545
545	280	998
280	625	998
625	717	777
717	391	864
864	157	31
157	698	31
698	621	932
621	53	830
53	336	682
682	184	577
577	660	154
154	77	725
725	332	13
13	288	178
178	271	870
870	230	565
230	644	565
644	388	537
388	221	537
221	867	101
101	262	290
262	139	290
139	48	118
48	886	664
886	37	664
37	430	865
430	964	865
964	791	872
791	345	259
345	268	334
268	768	322
768	684	398
684	788	236
788	918	380
918	108	657
108	100	657
100	710	78
710	197	417
197	105	488
105	611	718
718	440	455
455	558	978
978	871	419
871	736	419
736	776	497
497	626	914
626	487	528
487	729	910
729	98	299
98	26	299
26	906	836
906	551	73
551	595	73
595	352	649
352	520	649
520	896	825
896	701	172
701	17	150
17	545	204
545	998	922
998	625	777
777	717	874
717	864	874
864	31	874
31	698	932
932	621	830
830	53	704
53	682	592
682	577	786
577	154	492
154	725	492
725	13	953
13	178	995
178	870	191
870	565	191
565	644	988
644	537	988
537	221	814
221	101	814
101	290	665
290	139	919
139	118	919
118	48	664
664	37	222
37	865	222
865	964	257
964	872	257
872	791	259
259	345	334
334	268	322
322	768	398
398	684	236
236	788	380
380	918	657
657	100	454
100	78	454
78	710	417
417	197	488
488	105	255
105	718	220
718	455	815
455	978	815
978	419	15
419	736	866
736	497	866
497	914	741
914	626	528
528	487	910
910	729	299
299	26	480
26	836	480
836	906	73
73	595	207
595	649	207
649	520	825
825	896	172
172	701	150
150	17	204
204	545	922
922	998	624
998	777	624
777	874	681
874	31	884
31	932	884
932	830	570
830	704	303
704	53	592
592	682	786
786	577	492
492	725	953
953	13	995
995	178	191
191	565	749
565	988	749
988	537	286
537	814	286
814	101	665
665	290	636
290	919	636
919	118	243
118	664	829
664	222	829
222	865	121
865	257	121
257	872	235
872	259	739
259	334	238
334	322	475
322	398	761
398	236	580
236	380	439
380	657	642
657	454	642
454	78	671
78	417	28
417	488	28
488	255	42
255	105	220
220	718	815
815	978	15
15	419	449
419	866	449
866	497	741
741	914	82
914	528	789
528	910	499
910	299	109
299	480	109
480	836	548
836	73	950
73	207	950
207	649	727
649	825	727
825	172	281
172	150	719
150	204	535
204	922	460
922	624	486
624	777	681
681	874	429
874	884	429
884	932	570
570	830	303
303	704	319
704	592	742
592	786	853
786	492	300
492	953	628
953	995	722
995	191	176
191	749	176
749	988	758
988	286	758
286	814	766
814	665	766
665	636	237
636	919	986
919	243	986
243	118	829
829	222	232
222	121	232
121	257	293
257	235	293
235	872	739
739	259	238
238	334	475
475	322	761
761	398	580
580	236	439
439	380	642
642	454	543
454	671	543
671	78	28
28	488	42
42	255	285
255	220	437
220	815	320
815	15	320
15	449	364
449	866	295
866	741	295
741	82	926
82	914	789
789	528	499
499	910	109
109	480	683
480	548	683
548	836	950
950	207	5
207	727	5
727	825	281
281	172	719
719	150	535
535	204	460
460	922	486
486	624	924
624	681	924
681	429	223
429	884	120
884	570	120
570	303	999
303	319	781
319	704	742
742	592	853
853	786	300
300	492	628
628	953	722
722	995	176
176	749	544
749	758	544
758	286	208
286	766	208
766	665	237
237	636	868
636	986	868
986	243	673
243	829	422
829	232	422
232	121	293
293	235	226
235	739	6
739	238	638
238	475	461
475	761	461
761	580	260
580	439	536
439	642	329
642	543	329
543	671	772
671	28	532
28	42	532
42	285	880
285	255	437
437	220	320
320	15	364
364	449	122
449	295	122
295	741	926
926	82	245
82	789	245
789	499	951
499	109	103
109	683	103
683	548	32
548	950	399
950	5	399
5	727	562
727	281	562
281	719	390
719	535	348
535	460	313
460	486	124
486	924	530
924	681	223
223	429	120
120	570	999
999	303	781
781	319	59
319	742	409
742	853	511
853	300	511
300	628	711
628	722	72
722	176	694
176	544	694
544	758	225
758	208	225
208	766	675
766	237	675
237	868	351
868	986	304
986	673	304
673	243	422
422	232	771
232	293	771
293	226	780
226	235	6
6	739	638
638	238	461
461	761	260
260	580	536
536	439	329
329	543	619
543	772	619
772	671	826
671	532	826
532	42	880
880	285	347
285	437	804
437	320	529
320	364	529
364	122	765
122	295	393
295	926	400
926	245	175
245	789	861
789	951	861
951	499	103
103	683	650
683	32	650
32	548	399
399	5	273
5	562	273
562	281	888
281	390	888
390	719	348
348	535	313
313	460	124
124	486	530
530	924	935
924	223	935
223	120	890
120	999	920
999	781	920
781	59	269
59	319	552
319	409	552
409	742	511
511	300	711
711	628	72
72	722	694
694	544	912
544	225	912
225	208	323
208	675	323
675	237	351
351	868	264
868	304	264
304	673	119
673	422	111
422	771	111
771	293	780
780	226	451
226	6	212
6	638	405
638	461	994
461	260	601
260	536	645
536	329	201
329	619	201
619	772	980
772	826	980
826	532	89
532	880	89
880	347	615
347	285	804
804	437	529
529	364	765
765	122	393
393	295	400
400	926	175
175	245	965
245	861	965
861	951	107
951	103	107
103	650	99
650	32	67
32	399	152
399	273	152
273	562	312
562	888	312
888	390	876
390	348	876
348	313	782
313	124	474
124	530	505
530	935	471
935	223	890
890	120	920
920	781	269
269	59	61
59	552	414
552	409	977
409	511	977
511	711	748
711	72	473
72	694	3
694	912	3
912	225	691
225	323	691
323	675	539
675	351	539
351	264	970
264	304	179
304	119	179
119	673	111
111	771	483
771	780	483
780	451	586
451	226	212
212	6	405
405	638	994
994	461	601
601	260	645
645	536	201
201	619	44
619	980	44
980	826	254
826	89	254
89	880	615
615	347	495
347	804	228
804	529	583
529	765	583
765	393	354
393	400	410
400	175	921
175	965	708
965	861	168
861	107	168
107	103	99
99	650	67
67	32	152
152	273	284
273	312	284
312	888	616
888	876	616
876	348	782
782	313	474
474	124	505
505	530	471
471	935	498
935	890	498
890	920	640
920	269	640
269	61	169
61	59	414
414	552	759
552	977	759
977	511	748
748	711	473
473	72	3
3	912	516
912	691	516
691	323	534
323	539	534
539	351	970
970	264	408
264	179	408
179	119	614
119	111	64
111	483	64
483	780	586
586	451	513
451	212	513
212	405	106
405	994	106
994	601	307
601	645	602
645	201	849
201	44	849
44	980	503
980	254	503
254	89	310
89	615	310
615	495	726
495	347	228
228	804	583
583	765	354
354	393	410
410	400	921
921	175	708
708	965	156
965	168	156
168	107	940
107	99	940
99	67	143
67	152	423
152	284	423
284	312	744
312	616	744
616	876	958
876	782	958
782	474	438
474	505	12
505	471	210
471	498	702
498	890	640
640	269	169
169	61	38
61	414	116
414	759	819
759	977	833
977	748	833
748	473	131
473	3	242
3	516	242
516	691	275
691	534	502
534	539	889
539	970	889
970	408	369
408	179	627
179	614	627
614	119	64
64	483	375
483	586	375
586	513	324
513	212	459
212	106	459
106	994	307
307	601	602
602	645	849
849	44	755
44	503	755
503	254	135
254	310	135
310	615	726
726	495	200
495	228	629
228	583	447
583	354	447
354	410	835
410	921	773
921	708	217
708	156	376
156	168	378
168	940	378
940	99	143
143	67	423
423	284	692
284	744	692
744	616	18
616	958	18
958	782	438
438	474	12
12	505	210
210	471	702
702	498	989
498	640	989
640	169	989
169	38	779
38	61	116
116	414	819
819	759	446
759	833	446
833	748	131
131	473	242
242	516	275
275	691	502
502	534	504
534	889	504
889	970	369
369	408	984
408	627	984
627	614	482
614	64	837
64	375	837
375	586	324
324	513	478
513	459	478
459	106	27
106	307	27
307	602	764
602	849	891
849	755	891
755	503	923
503	135	923
135	310	113
310	726	113
726	200	137
200	495	629
629	228	447
447	354	835
835	410	773
773	921	217
217	708	376
376	156	707
156	378	707
378	940	83
940	143	83
143	423	431
423	692	431
692	744	721
744	18	721
18	958	752
958	438	752
438	12	234
12	210	453
210	702	634
702	989	821
989	169	779
779	38	365
38	116	606
116	819	308
819	446	206
446	833	560
833	131	560
131	242	35
242	275	35
275	502	317
502	504	555
504	889	369
369	984	490
984	627	506
627	482	506
482	614	837
837	375	663
375	324	663
324	478	596
478	459	600
459	27	600
27	307	764
764	602	891
891	755	962
755	923	962
923	135	1
135	113	1
113	726	137
137	200	706
200	629	436
629	447	696
447	835	696
835	773	799
773	217	406
217	376	512
376	707	489
707	378	36
378	83	36
83	143	431
431	692	960
692	721	960
721	18	368
18	752	368
752	438	234
234	12	453
453	210	634
634	702	821
821	989	779
779	365	811
365	38	606
606	116	308
308	819	206
206	446	807
446	560	807
560	131	35
35	275	317
317	502	555
555	504	510
504	369	490
490	984	669
984	506	669
506	482	734
482	837	421
837	663	421
663	324	596
596	478	597
478	600	597
600	27	362
27	764	362
764	891	690
891	962	690
962	923	785
923	1	785
1	113	92
113	137	92
137	706	198
706	200	436
436	629	696
696	835	799
799	773	406
406	217	512
512	376	489
489	707	859
707	36	859
36	83	672
83	431	672
431	960	672
960	721	125
721	368	125
368	752	899
752	234	899
234	453	967
453	634	571
634	821	434
821	779	811
811	365	52
365	606	132
606	308	466
308	206	491
206	807	952
807	560	996
560	35	996
35	317	996
317	555	20
555	510	159
510	504	490
490	669	29
669	506	979
506	734	979
734	482	421
421	663	813
663	596	813
596	597	71
597	600	115
600	362	115
362	764	690
690	962	415
962	785	415
785	1	754
1	92	754
92	137	198
198	706	247
706	436	392
436	696	831
696	799	831
799	406	525
406	512	834
512	489	265
489	859	569
859	36	66
36	672	66
672	960	326
960	125	326
125	368	542
368	899	542
899	234	967
967	453	571
571	634	434
434	821	811
811	52	655
52	365	132
132	606	466
466	308	491
491	206	952
952	807	793
807	996	793
996	317	20
20	555	159
159	510	29
510	490	29
29	669	805
669	979	805
979	734	526
734	421	158
421	813	158
813	596	71
71	597	142
597	115	142
115	362	643
362	690	643
690	415	643
415	785	608
785	754	608
754	92	892
92	198	892
198	247	676
247	706	392
392	436	831
831	799	525
525	406	834
834	512	265
265	489	569
569	859	477
859	66	477
66	672	326
326	125	68
125	542	68
542	899	617
899	967	617
967	571	282
571	434	357
434	811	655
655	52	581
52	132	581
132	466	51
466	491	155
491	952	371
952	793	612
793	996	20
20	159	367
159	29	981
29	805	327
805	979	311
979	526	311
526	734	158
158	813	384
813	71	384
71	142	69
142	115	928
115	643	928
643	415	349
415	608	349
608	754	134
754	892	134
892	198	676
676	247	126
247	392	794
392	831	462
831	525	462
525	834	983
834	265	745
265	569	88
569	477	416
477	66	85
66	326	85
326	68	85
68	542	846
542	617	846
617	967	282
282	571	357
357	434	655
655	581	599
581	132	358
132	51	358
51	466	155
155	491	371
371	952	612
612	793	367
793	20	367
367	159	981
981	29	327
327	805	311
311	526	151
526	158	847
158	384	847
384	71	69
69	142	39
142	928	39
928	643	349
349	608	253
608	134	253
134	892	908
892	676	908
676	126	697
126	247	794
794	392	462
462	525	983
983	834	745
745	265	88
88	569	416
416	477	957
477	85	957
85	68	401
68	846	401
846	617	136
617	282	136
282	357	441
357	655	599
599	581	971
581	358	667
358	51	800
51	155	800
155	371	192
371	612	822
612	367	720
367	981	720
981	327	946
327	311	659
311	151	659
151	526	847
847	384	445
384	69	445
69	39	603
39	928	740
928	349	740
349	253	740
253	134	297
134	908	297
908	676	697
697	126	218
126	794	233
794	462	279
462	983	279
983	745	848
745	88	167
88	416	699
416	957	479
957	85	401
401	846	241
846	136	241
136	282	441
441	357	599
599	971	278
971	581	667
667	358	576
358	800	576
800	155	192
192	371	822
822	612	720
720	981	946
946	327	659
659	151	522
151	847	863
847	445	863
445	69	603
603	39	50
39	740	50
740	253	635
253	297	635
297	908	697
697	218	927
218	126	233
233	794	279
279	983	848
848	745	167
167	88	699
699	416	479
479	957	397
957	401	397
401	241	397
241	136	418
136	441	418
441	599	278
278	971	231
971	667	231
667	576	715
576	800	674
800	192	674
192	822	298
822	720	651
720	946	651
946	659	618
659	522	618
522	151	863
863	445	296
445	603	296
603	50	816
50	740	635
635	297	808
297	697	808
697	927	808
927	218	959
218	233	959
233	279	848
848	167	728
167	699	809
699	479	563
479	397	963
397	241	93
241	418	93
418	441	278
278	231	177
231	667	715
715	576	947
576	674	947
674	192	298
298	822	651
651	946	618
618	522	187
522	863	961
863	296	961
296	603	816
816	50	91
50	635	91
635	808	91
808	927	700
927	959	283
959	233	728
233	848	728
728	167	809
809	699	563
563	479	963
963	397	93
93	418	177
418	278	177
177	231	162
231	715	162
715	947	770
947	674	783
674	298	783
298	651	883
651	618	883
618	187	883
187	522	961
961	296	898
296	816	898
816	91	261
91	808	700
700	927	283
283	959	465
959	728	465
728	809	465
809	563	458
563	963	21
963	93	591
93	177	591
177	162	591
162	715	770
770	947	161
947	783	161
783	298	883
883	187	827
187	961	315
961	898	315
898	816	261
261	91	700
700	283	747
283	465	557
465	809	458
458	563	21
21	963	591
591	162	133
162	770	133
770	161	968
161	783	827
783	883	827
827	187	315
315	898	678
898	261	678
261	700	747
747	283	557
557	465	458
458	21	314
21	591	133
133	770	968
968	161	170
161	827	170
827	315	170
315	678	170
678	261	747
747	557	328
557	458	314
314	21	133
133	968	314
968	170	328
170	678	328
678	747	328
328	557	314
314	968	328