-0.5223975574391938	 0.26859604633392004	 0.8092941096260066
-0.2349848560512803	-0.5833871712582135	-0.7774583756304249
-0.5528144860865728	 0.15166009349626397	 0.8193871856537315
 0.9276494591153602	-0.25377365374049604	 0.273980681198837
-0.9232155641393271	-0.34162523174672	-0.1759693813278423
-0.03715421633624045	 0.9072298752743428	-0.4189910710482266
-0.046555858013086156	-0.9872012349714377	-0.15253286123171422
 0.7211168400869602	 0.29741965351661614	 0.625725221359227
-0.7355299014067055	-0.6477792449783434	 0.19843843859476817
 0.4524811471288423	-0.6061758515939476	 0.6540731216288582
 0.2056980662768929	-0.5551175962545655	 0.8059359527025086
 0.3344893781262981	 0.9355414728408097	 0.11348571943434624
 0.5793183224174614	 0.6990980509488025	-0.41910881220871976
 0.7704938678132618	-0.10807465412034892	 0.6282189656472709
 0.6688251791633306	 0.09449296276578943	 0.7373899644725859
-0.7486053269646336	 0.08258363675543233	-0.6578525726790317
-0.815257224236768	-0.31695526452555733	 0.4846596936194447
 0.3210037547591399	 0.947070968987801	-0.0036289297377779754
 0.3111684458554253	 0.7436479399885818	-0.5917448264705468
-0.10734549426878784	 0.9933990261696783	-0.04043908586163144
 0.9261538745060957	-0.35139652971638335	-0.13696524975566
 0.45751087240672644	 0.030393967448723525	-0.8886844256384615
-0.07684808579888612	-0.6887784918867706	 0.7208873426709843
-0.17770061113084992	 0.9510184159691516	 0.25295546108208083
-0.876705959989793	-0.11056418262014184	 0.4681476489740341
 0.25286519319023437	 0.36895755377781314	 0.8943877892632242
-0.4178196189521821	 0.823692015089879	-0.3833513144568935
-0.025528816761955852	-0.8902614768882912	-0.45473374878428896
-0.7098540952512699	-0.43448048982094745	-0.5543770083796323
 0.8105848554290499	-0.5380211148729348	-0.23126926319757762
-0.15024649571097426	 0.4815068195151438	 0.8634681078574837
 0.7497725421132395	 0.6073596285889415	 0.26259363406859926
-0.16405138869539654	 0.7970260570887856	-0.5812371342134085
-0.7351328055125561	 0.6505075432483403	-0.19083944675105105
-0.9439365093692196	-0.0481649287848135	-0.3265945589182517
 0.9671274342101325	-0.25119785481824436	 0.03954950989377717
 0.019725163525654708	 0.47851431345700707	-0.8778581717684556
 0.06275329094407425	-0.9494824630608981	 0.30748183168359533
 0.9266852263272075	 0.27867744032251385	-0.2521772701140689
 0.27513919729175734	-0.6851936574183249	-0.6743945981006569
 0.1410844464469395	 0.039486368484520674	 0.9892097885052823
 0.36813759530281354	 0.07378634668535763	 0.9268388673159376
-0.6815280664145633	-0.3528205298144956	-0.6411218046757144
-0.373004406811785	 0.12423004202176292	 0.9194751813715579
-0.4071639077453512	-0.7232999909957789	-0.5577227584159009
 0.022261116038055084	 0.6881381303271817	 0.7252381376503519
-0.21339325697691855	-0.8747494853607207	 0.4350593703598822
 0.2561510211117105	 0.9168024925474434	 0.30636553990653537
 0.2300190761739514	-0.879167131563057	 0.4173204756242717
-0.09197660957528152	-0.517310377709934	 0.8508409230899989
 0.2995305781489568	-0.5917092667152344	-0.7484394273667517
 0.8840087753276423	 0.061641026880826434	-0.4633884644105838
 0.8439741923776647	 0.265749566577753	-0.46592352426573685
 0.877813545680928	 0.34033453826300675	 0.33706940099092847
-0.345957694940335	 0.6734596188163271	 0.6532728489194524
-0.5206060287378833	-0.48122373982303546	 0.7052609978387444
-0.7610915685353244	 0.244101653276552	 0.6009609031976152
-0.2228590481357085	 0.5621389391332964	 0.7964506624858428
-0.2783690207352793	 0.7446566562855941	 0.6066276885738404
 0.964012926087385	 0.26496726361179185	-0.021712382423797267
-0.6714576449074355	 0.7410074995127686	-0.007246844913079914
 0.9506270172257519	 0.27799466232152686	-0.13793926866998504
 0.07279816548457031	-0.8108317430617734	 0.5807342865248164
 0.5762058170398358	 0.09153048330658946	 0.8121631775912507
 0.3996325116046247	-0.9100633704657463	-0.10990230846122256
-0.3314490322160597	-0.8560464934104239	 0.39664334125603895
 0.13819751624241117	 0.4572365311544184	-0.8785420883954866
-0.10189106117292898	 0.7391194671885069	-0.665823268500007
 0.3285762846940572	 0.5014277154948691	-0.8003798293749328
 0.35877923539654144	-0.7151414652759722	-0.5998751077442774
 0.02145232890746257	 0.9940742378629783	 0.10656550662191255
 0.32886351156362803	-0.7935634514154033	-0.5119627323738638
 0.9267908558861513	-0.15643291937969714	 0.34144904624286243
-0.2342562730984625	 0.913959078155781	-0.33136505846370395
-0.06309613274378424	 0.9542446572217275	 0.292294393029642
-0.618575112333166	 0.7007107854045858	-0.3554844942043179
 0.6047480989584715	 0.6486946440602597	 0.4620335437753928
 0.752715799818306	 0.0947995449909669	 0.651484436478258
-0.7459269599110986	-0.4932210637776378	-0.44757787336266
-0.01449534817936725	-0.09959216676381179	 0.9949227533836225
-0.2768254065697958	-0.42653067452606586	 0.8610686836517784
-0.8485341595836512	 0.13969757169357935	 0.5103668959509265
-0.5094534558643024	 0.42701302837709176	-0.747072319058968
-0.018196280978197327	 0.5731261414814424	-0.8192651105162212
-0.45999659637466	 0.8184688834866466	 0.34425545469585533
 0.25336711240107124	 0.42939360365525037	-0.8668484524376223
-0.7883128118603318	-0.5572469445005358	 0.2608423920716766
 0.08962831740081595	-0.5825900713665565	 0.807809119449025
 0.13665225477873877	 0.15839388786583505	-0.977873988584742
-0.5279666480423524	-0.4685916244739792	-0.7082888591724144
-0.8677295052881207	 0.01169476640174467	 0.49689912265090774
 0.3096597992421613	-0.4859128171770686	-0.817312389993171
-0.20349829525682778	-0.49248328560500537	-0.8461965830864974
 0.49796162472444055	 0.23365876432518098	-0.8351274167190448
 0.0656306352797626	 0.8341893362439614	 0.5475589201260757
-0.8566419717440898	 0.4917667455877098	 0.15598076862379842
-0.9756228791741893	-0.02381054350051606	-0.21815832702437715
 0.2229553503625975	 0.6447506745847161	 0.7311548942373597
-0.513609678207953	 0.7655866428181536	-0.387404427942624
-0.17299368457391456	 0.6640649307747127	-0.7273863848139563
-0.7855636542575232	-0.5147850893610268	-0.3433453900682611
 0.4943857326864326	-0.714713570660661	 0.49473958728768364
-0.9179722695679712	-0.025751001532067965	 0.3958077793883333
-0.3219446488157848	 0.6738708086439675	-0.665018628578483
-0.45280494607593175	 0.48364283365084165	 0.7490375760049404
-0.8091306026988054	-0.21143789598461035	-0.5482715421375335
-0.05643795134384154	-0.9336077029957546	-0.35382398810015864
-0.26079644145363834	 0.6032778826185323	-0.7536849557132074
-0.8048783351600025	-0.5506110919594326	-0.22135557594355662
-0.39535850616017204	 0.7135594221761826	-0.5783810185599019
-0.4243577759930773	-0.5037658072116494	 0.7524230787519774
 0.35001474646600866	-0.9367439192490767	-7.120436888225475E-4
-0.2542418387698551	-0.6115790376264876	 0.7492210409183543
-0.3153083891854112	-0.4923209500058054	-0.811295693255352
-0.38662641424443134	-0.42427437359898784	 0.8188475265369493
 0.12747029246135186	-0.8086031691885742	-0.5743798737055571
 0.9634828623825623	 0.17485714933812047	-0.20279485008365136
-0.8271502662724896	-0.4599390726473869	 0.3229217961947004
 0.3007765068672716	-0.8986674072835412	 0.3192653817797979
 0.45880983393977526	-0.8885153206716376	-0.0058361984144346055
 0.8284398282634597	 0.5589138988872259	 0.03609299900935432
 0.0954826202820236	-0.9895353216736354	 0.10818001841529575
-0.6068850390858759	 0.14515849180264234	-0.7814215005944725
 0.15216425833830055	-0.8515360346648047	 0.5017294292262467
 0.5610226050150274	 0.794364349139174	-0.23289250198074019
 0.290676962475852	 0.6001168308987879	-0.745229288714425
 0.026929248929056144	-0.29360494897888373	-0.9555474606147117
 0.4468775106721307	-0.23472650973150258	 0.8632519655840621
 0.14387823739097844	-0.48144127405066034	 0.8645885451737966
-0.5797982890426845	 0.7944704379401786	-0.18069495638317226
-0.0929902560281282	-0.8796298829477769	 0.46648052618421654
 0.9836588000522674	-0.14929014007244992	 0.10063706651568319
 0.8849341699917356	 0.16825314131899488	-0.43426074565556644
 0.5511010943781751	-0.017780959759636793	-0.8342490163285803
-6.283317795675687E-4	-0.5546374924450223	-0.8320918562114837
-0.3463466505260746	-0.5794916488425572	-0.7377217812909573
 0.5372211890780207	 0.4194003010872458	-0.7317764559300367
-0.2756894607601742	-0.3976437667544087	-0.8751427060697757
-0.6724223606853721	-0.6081631495208296	 0.4218835768493678
 0.34467643164882183	-0.8421589473036191	 0.41468839499351234
-0.9033012356873471	 0.09107780711418476	 0.41922751657898494
-0.40293454072100415	-0.7910920044929511	 0.46023602240728395
 0.24621971166547746	-0.7673097284890381	-0.5921246778791166
-0.05605298304991531	 0.6604612480995203	-0.7487649850587499
-0.13719713297778496	 0.8704753443632695	 0.47270458169804475
-0.31570543489384184	-0.21524498768188552	 0.9241210276020749
-0.2865253663780946	-0.8161942813966531	 0.5017271264714513
-0.16416723374698317	-0.42557540716640235	 0.8899071255917747
-0.8667132824123605	 0.4922573686229738	-0.08056530969578364
-0.951511370678309	 0.07013525109746244	-0.29951153237126105
 0.29809301336224087	 0.9468932846393063	-0.12055564229684398
 0.6294680612223407	-0.5927759904258666	-0.5023809163131302
-0.03853078330597502	 0.8046240351325655	-0.5925331558865005
-0.9677813484354736	-0.20439956677627646	 0.14703767789953268
 0.8273521130877818	 0.09008946452088436	 0.5544117326964887
 0.9061234629606759	-0.04387863339250321	-0.4207314290658099
-0.1851763634100323	 0.41574544013552833	-0.8904299205668863
 0.6840776380345451	 0.6263973319013665	 0.3737166944731359
 0.5076491555386918	-0.7506444654763946	-0.42287731238565046
 0.8773976260848988	-0.4393511650648651	-0.19272768222735867
 0.18064604688371663	 0.15264304983392274	 0.9716311569122743
 0.6576596056806588	-0.1759805554006831	-0.7324716289228049
 0.6178056115647752	 0.06156504817017901	-0.783917069059526
-0.8680805979007591	 0.49487920221109843	 0.039123532140740956
 0.5095248314749632	 0.5791625276688187	 0.6363609138332392
-0.9137054873143073	-0.3981056659214067	-0.08157304219530677
-0.6669528478500997	-0.012587071924482657	 0.7449936002174848
 0.17351494876611898	 0.04100540738425991	-0.9839771944104915
-0.22293907248207365	 0.5120115069600996	-0.8295434808985486
 0.9027416525464769	 0.38082768712910015	-0.20006944162854154
 0.5825994665133647	-0.25843296472789773	-0.7705778768951858
-0.25527497585822856	-0.9098579783003189	 0.3270980678998846
 0.18277899037337864	 0.9671673310179525	-0.1765763135012696
 0.5190852138589401	 0.6608047860566408	 0.5421139875318248
-0.015633303456440716	-0.9209542891962833	 0.3893569018702599
-0.38393143276918096	 0.33498633398656713	-0.8604538401181345
 0.8277520473062642	-0.28336910524078757	 0.4842814247679996
 0.5919360826886884	 0.1859772125375531	-0.7842347546672054
 0.7271294205117971	-0.21065017938357472	 0.6533829717339181
 0.5606065581281784	-0.828018991525309	-0.010238977345802307
 0.5816838968391133	-0.32244192283801637	 0.7467764394747511
-0.8498815298734914	 0.36622308557778377	-0.3789222041129034
 0.13766792175459666	 0.350278885468747	 0.926473014023907
-0.3025891073980095	 0.9476878621310317	 0.10162454454308847
 0.7983580221382437	 0.2867699788693967	 0.5295162393229855
-0.10701973599150823	 0.6624527530413477	 0.7414196693481009
 0.2919501655637112	-0.3599338131674863	 0.8861223115157606
 0.6641187532014551	-0.39632948551615554	-0.6339315582589686
 0.5441860633021837	-0.22759294935759683	 0.8075041658780355
-0.09019488599114449	-0.0046916698646029265	 0.9959130839460469
 0.34609170550434254	 0.9089359295799089	 0.23249947806350574
 0.7580280261115159	-0.2956916349978675	 0.5813432450985966
 0.8638211314212363	-0.13662025082696977	-0.48492057078877493
-0.31665040263354055	 0.8027347794894248	 0.5053210823922561
-0.4452622976030609	-0.8229009300479294	 0.35295261106768433
 0.2429064023004237	 0.9515698506244031	 0.1884444191376219
-0.6184437179567677	 0.2247443977856664	 0.7530055267949687
-0.8352017550140525	-0.2946812619080198	-0.46432852841683525
-0.16076816970519636	-0.3947573263610826	-0.9046105509521161
-0.21871197655414487	 0.9702600432818108	-0.1037329249686794
-0.3407013691821011	-0.2952868750155915	-0.8925963468897731
-0.442157823974964	-0.77351118209874	-0.454067076395035
-0.8231217632860103	 0.4686723362952725	-0.3206505948793175
-0.12238230170266773	-0.7645169947345247	 0.6328794016177551
 0.40721157827318394	 0.9098524668486537	-0.07966943635850364
 0.13156326221356707	 0.7135770523127369	 0.6881125623387423
 0.9791489067717095	-0.04164103448724967	-0.19883018537082806
-0.10669723667013845	 0.9371793406254745	-0.33213037077593094
 0.7522169989181291	-0.5640451254993644	 0.3406210253918713
-0.9214145950080399	-0.387172222246458	 0.03305774382666305
 0.6738678834832661	 0.637339278074612	-0.3737655953042172
-0.49760927784618075	 0.8557080945854264	-0.1419459878347455
 0.02418880810085379	-0.9641489180021204	-0.2642570064880033
 0.38870707428284795	-0.44225350822185017	 0.8082812906828504
 0.14938696818553412	 0.9534107865884683	 0.26209045338030157
 0.2837622001123597	 0.4706176075358793	 0.8354627946620952
 0.41323319735737635	 0.5755584245418499	 0.7056704787226851
-0.22899474996426752	 0.22372135807931381	-0.9473701274728638
 0.13351601209551703	-0.27818073971485463	-0.9512039479343039
-0.905813668316007	 0.2809275276702975	-0.3171455856368696
-0.7726630781812126	-0.12557323913240398	-0.6222725522062896
 0.5296974380326823	-0.6248584263032176	 0.5735613055458666
 0.1389190773693884	-0.9660736366825214	 0.2177228018601764
 0.7573644233806404	 0.6521021937425169	-0.03408605453124815
-0.7331585356823394	 0.6590070965060624	 0.167893443322773
 0.828002357223208	-0.4668135638772665	 0.31063997330191834
 0.05586121162281073	-0.9926462089795209	-0.10739194026842323
-0.11322292681475063	-0.3272931008134528	 0.9381150222672147
-0.5002951683904833	-0.18400261597046916	-0.8460778816404327
 0.16498941565906886	-0.17343696741389247	 0.9709264189704343
 0.5945394097064381	-0.4159462117982845	 0.6881218200264955
 0.6795843731270208	 0.13804070772608057	-0.7204927777653548
 0.20339468580187592	-0.972782166684334	 0.11102007912305192
 0.09936132950298261	-0.1739072029262443	-0.9797365007846599
 0.527493970730149	 0.6653045761234336	-0.5283180214913732
-0.023163289225770645	-0.9993234536982453	-0.028567410118071655
-0.6048352792392478	-0.777134953059775	-0.1738837247138516
 0.6175233251892257	-0.7310830814932973	 0.29014215619503975
-0.24690163148974312	-0.9643253972959355	-0.09547833522710271
-0.7397054780875335	 0.5019423811228245	 0.4482071526872845
 0.1673357568202525	 0.8556595990260427	 0.4897401301547433
 0.4678202533456854	 0.3532496878309754	-0.8101597796773776
 0.9556102976897649	-0.24977656053476713	 0.15627101060881568
 0.3648197647641842	-0.9061151278974944	 0.21415394984149294
 0.44139765454976476	 0.8048622540015589	 0.39669240305493164
-0.4126718099040802	 0.4338183801854291	-0.8009391926505915
-0.9303068440237535	 0.16459255789631053	 0.327778074080182
-0.11079647859432931	-0.2950675116133492	-0.9490307181126448
-0.9334106314725229	-0.24756218806576055	-0.25972592495582564
-0.9231099536607921	-0.16395635772641798	-0.34783088737697987
-0.302626472768796	 0.34952493313033123	 0.8867071326541559
-0.5596280055374433	 0.6090947667376375	 0.5619787011542394
-0.7914905501428366	-0.43129460626376515	 0.43304465317374996
 0.094687418473328	-0.6041624354675857	-0.7912155486040021
-0.4532930578626441	-0.5662547256141043	-0.6883901433149876
-0.7313938935006471	-0.23854775032469558	-0.6388723999086132
 0.018454436924424625	 0.328379340408979	 0.9443656296955996
-0.01142931402672346	-0.9966008869345042	 0.08158457539411573
 0.4394323131833913	 0.2901340083838236	 0.8501302837268117
-0.23025198925579674	-0.9729603623794102	 0.018225111310365482
-0.3833965653362818	-0.87663497963109	-0.2907201165649544
 0.41105308512439437	-0.4168070148696845	-0.8107448880906619
 0.3858667825150167	-0.7733319944728018	 0.5030551187257984
-0.8915054042210998	-0.35534121665453455	-0.28098173248638175
 0.6170572512399999	-0.781511107324208	 0.0920909214908051
 0.015349992592350294	 0.18805079937588942	-0.9820393447217397
-0.8121895307229202	 0.5831523561830202	-0.01677783246652068
-0.7367049544268699	 0.3503730432582249	 0.5783636751049236
-0.4259383723760324	-0.9030663255508672	 0.05520611011211833
 0.9217336342302553	 0.378293162768597	-0.08544817453414541
-0.7509033057237521	-0.050761341460694095	 0.6584584357924592
 0.6398475008850915	-0.21728337049746488	 0.7371452451968774
-0.8839323251362167	 0.38687882802784174	-0.262656461948084
 0.024283009749352782	 0.8610018827345579	-0.5080217449726531
-0.7081568366401649	 0.6343458694601681	-0.3100309865458905
 0.9287924710870102	-0.35816865450508895	 0.09518277460811655
 0.40578074539058934	 0.18346980063872056	 0.8953663043268077
 0.5865892165659007	 0.4895987407905732	 0.6451404219430743
 0.6541899276782643	 0.2571370521243247	-0.7112777762232696
 0.009422454151622878	-0.11222724321546836	-0.9936378934189338
 0.4343054225285244	 0.8873745833361542	 0.15474220113242157
 0.14338572161118257	 0.9427064748839648	-0.30123916918270977
 0.603152480190826	 0.47595737163821555	-0.6400559866315576
 0.3153681449056949	-0.2552491777008801	-0.9139971501387546
 0.07712106700086344	 0.7926719410660416	-0.604750803944271
-0.6455094107015374	-0.2645121273912905	-0.7164851255669494
 0.6916653356820596	-0.5723048435765882	 0.44052948758806243
 0.029333391710278024	-0.8720861016570491	 0.488472500175171
 0.6866020683574747	-0.1128691745962066	 0.7182187335019944
-0.6065060855709954	-0.31702349667539165	 0.7291409128015355
 0.4545481206489913	-0.7916594889437248	 0.4082416681082795
-0.7157555271076413	-0.5057478242907398	 0.4815736326254227
 0.2291269613440296	-0.26737526794711725	 0.9359547540749278
 0.10679060641001212	-0.994281173851404	-8.448119647833835E-4
-0.9497787982822705	-0.17631624769812926	 0.2585204346490586
-0.5740273675968187	 0.24960481528803016	-0.7798653841753043
 0.48306618602412993	-0.5547262270668328	-0.6774406785278675
 0.1201593166227684	-0.505723655186108	-0.854286440963423
 0.808702351241855	-0.22625113469785757	-0.5429649446730676
-0.4597766749839145	 0.7437927155488743	-0.4851575058031848
 0.9310749112038023	 0.027103852135676818	 0.363819860543977
-0.2462106534636151	 0.8649374538155006	 0.4373368439866216
-0.12807383038857598	-0.12041512542725907	 0.9844273927202228
 0.9161217696613015	 0.37564729321075013	 0.14003576063306783
 0.5201796658006663	-0.8483735861510106	 0.09836347700636087
-0.31513677727132583	-0.5209964235998603	 0.793253766588724
 0.06740828899932833	 0.8957426430007832	 0.4394328618619169
-0.1527242336287896	-0.9003223476842743	-0.4075475171348436
 0.9652861063967433	 0.06806331348360666	-0.25217081146525955
-0.5059487812243831	 0.8625036113279744	-0.010166180392062005
-0.42344769191900405	-0.4836447286730886	-0.766015553781516
 0.6910306697521971	-0.5992096774283048	-0.404257808753395
 0.13713927338686763	 0.8430251970732127	-0.5200974300980468
 0.46129241226795376	 0.8444816844554064	-0.2721396608423178
 0.4784717596243816	-0.09788222070951699	-0.8726304178235602
 0.5852803232530444	-0.3715171733252884	-0.7207093263842221
-0.41228144130517425	 0.5815782180306597	 0.7012779687596142
 0.9370330633415617	-0.34880625432927576	-0.017413648253867275
-0.8196990451541711	 0.2618997794475449	 0.5094133693756647
 0.9584060018135655	 0.2638979524057442	 0.10870053543470422
-0.7264638137484278	-0.03741289939248458	-0.6861855450773772
-0.8562155990603341	-0.35068063907214203	 0.37936517671724607
-0.4366695234884823	-0.8971448866218766	-0.06671416389764635
 0.8014352396779622	-0.549759238431146	 0.23551292185766295
 0.26228396140551663	-0.9125784960043263	-0.31369987602788607
 0.26688609505580413	-0.6224532260003535	 0.7357470990140684
 0.21608385408838168	 0.5323281751015859	-0.8184952547176593
 0.7767591491039204	-0.5131506461674877	-0.3651323576749163
 0.4935573812211731	-0.22119343590181378	-0.8411150785451701
-0.5473530924876682	-0.7372082150830418	-0.3961421963869309
-0.7052389790661203	 0.17779633570665257	 0.6863136640159977
-0.6884567465425281	-0.3518992228605567	 0.6341878626166014
 0.7239461547993794	-0.008709924153427622	 0.6898014947594956
 0.11708735981700102	-0.2900491464594189	 0.9498221111393684
-0.3391544667282664	-0.9405581670002711	-0.018016164612803417
-0.49705075696969375	-0.04485462432444226	 0.866561369824762
 0.8154226762598075	 0.36826997749678525	 0.4466129003016039
-0.9953458485203142	-0.016610168554325507	 0.0949249394731068
 0.5215291111088937	 0.7322326618372222	 0.43799853333629246
 0.09922429699269157	-0.07750632042039828	 0.9920419896260424
 0.11428149362329616	 0.6258077854001978	 0.7715596904632386
-0.3660086284675978	-0.6001730413356039	 0.7112172694340595
-0.6671330258316818	-0.4656651988074477	 0.5814545970789852
-0.3236996774165615	 0.9380560716856553	-0.12356911108400366
-0.5520788922996359	-0.7762042857133068	 0.3044926986275731
-0.3189133070706054	-0.9425919575547793	 0.0990691885822157
-0.33901364770895037	-0.3230160403292386	 0.8835894885958587
-0.5511432758525678	-0.28130290782538236	-0.785563341514537
 0.355671719005254	 0.8824652866343375	-0.30781917774112816
 0.0663626325330913	-0.6916271451153392	-0.7191994807721175
 0.13413892170049657	 0.9801182073312037	 0.14620208392118025
 0.6684156055811066	-0.7198740153672204	 0.18708816161028816
-0.11634826973289307	 0.9817629250369672	-0.15034839258542246
-0.9810948854592558	-0.19116547217511895	-0.03014279306489974
-0.48063079670057696	 0.03128802141188792	-0.8763647054617717
-0.47277724977927815	-0.5798728261948174	 0.6634976846470357
-0.8559557776137316	-0.4746216529691856	 0.2051194610525041
 0.6937533934619877	 0.419383977108062	-0.5855111517341075
 0.8302461059525649	 0.10484197094778949	-0.5474482301354032
 0.15738972469228285	 0.7864545502757614	 0.5972584992378401
 0.49535368318844936	-0.1247209007683777	 0.8596914710889959
 0.23332669533256536	-0.7081302607994934	 0.6664159264192487
 0.0058510259093897685	-0.8351755854220914	-0.549952277030175
 0.3313845978964435	 0.2784943999532077	 0.9014572188804719
-0.6706482940487641	 0.05157974461126245	-0.739979996780534
 0.890893907867843	 0.274221782745026	-0.3620917822764045
-0.35447293164596666	 0.8476973639827103	 0.39466203241137593
 0.9015300753128903	-0.3467266513221203	-0.2588902326648945
 0.35972659618335606	 0.6589707008350212	-0.6605712614391711
 0.7439596759946797	-0.6676235435426439	-0.028333806688383187
-0.6885171804935376	-0.2439150513958514	 0.682971112030215
 0.916119498172892	-0.14731737607832768	-0.3728574201659999
-0.18679795160377083	 0.3794924448678189	 0.9061412746171983
-0.6112213066834852	-0.19853831322079626	 0.7661534131227073
 0.27344044537559187	-0.816076442068803	 0.5091655561142385
 0.3365558718379893	-0.9170708834970086	-0.21380163650773787
-0.14801555479950818	 0.31554852372415976	-0.9372942572708407
 0.6351913022461014	 0.2995749662716589	 0.7118896326919196
-0.10093124005029776	 0.4940732355068445	-0.8635418477049663
-0.7673254592952186	 0.544376685737495	 0.3389183729791622
-0.6763871008567102	-0.7000611954898429	-0.22894281461532393
-0.06609558210206762	 0.4074721238174546	 0.9108226184819314
-0.4023212075598368	-0.8990870798062133	 0.17256902640141009
-0.7899573581185383	 0.5717853804553202	 0.2214245945055425
 0.43643140114008944	-0.7373459357867086	-0.5156050844180277
-0.6684252775435009	 0.7331667141805875	-0.1251967154462702
-0.9194081197746301	-0.14537336520999	 0.3654521774186092
-0.004326482335710646	-0.7562456081320975	 0.654273537392055
 0.5336623096926728	-0.5265921543889209	 0.6617440911330578
-0.7556345897660949	-0.5372370342789294	 0.37469018635161205
 0.24204995099306315	 0.9104509655224557	-0.33539657214033036
 0.6019963250378672	 0.7138000997675934	 0.35789641268483846
-0.16909938986524578	-0.19689606540633064	-0.9657315029420485
-0.5161754916993295	 0.142865470588413	-0.8444834628827891
-0.42289942468592434	-0.228116625596452	 0.876994231296194
 0.4755000093531112	 0.08494093865300582	 0.875605378036212
 0.15351712720570496	-0.6534146145482603	 0.7412704183692047
 0.39816479687312	 0.279245472876365	-0.8737772945144787
-0.5249091322771112	-0.8426888263806516	-0.11977455800498904
-0.09960951377352661	 0.8568169783953499	-0.50590770927044
-0.4589413051529892	 0.23802433926591865	-0.855989072559629
 0.36378639142711106	 0.3946354739385856	-0.8437548839098408
-0.5277483052835141	-0.629439970876312	 0.570339415903904
 0.6576878184515814	 0.39522597709929214	 0.6412824342567861
-0.3025193351561849	 0.6088386581586501	 0.7333468075803112
-0.08954685467688175	-0.9641262467157359	-0.24988385544349473
-0.18830588242886775	 0.1179147033610437	-0.9750061627364016
-0.7027288411941963	 0.5226882084968202	-0.4826688434654206
 0.6554673411980352	-0.7550647591099813	-0.015484643133263696
 0.9794744672789469	 0.1424581701472501	 0.14260237623167557
-0.41327822896671645	 0.1338799719817633	-0.9007093085809075
 0.5993851138153055	 0.5739391451420749	 0.5579707366970043
 0.1838761971688208	-0.38114395603288015	 0.9060457101572409
-0.9852828564423772	-0.1157537194063869	-0.12577268878551154
 0.9818416505846231	 0.16836097870148292	-0.08741598268018207
-0.05866683144314579	-0.7239817127797157	-0.6873199272893016
 0.2151704941063781	 0.23938237165531545	-0.9467828360330016
-0.7867319311111386	-0.3951221872628763	-0.47426925443543066
 0.5644000362397789	 0.30670625738442	-0.7664097277395286
-0.7546432035054075	 0.20168104034681517	-0.6243703975748068
-0.6496077984562026	-0.7171493273848922	 0.252401565796019
 0.4756011904300136	-0.8177487053849359	-0.3241767457773851
 0.31204628458825945	-0.9438405870718127	 0.10859126332536632
 0.014225557724616405	 0.7311477579245993	-0.6820708098058845
-0.7612863940835131	-0.2791191250355747	 0.5852653588097428
-0.6442852927424179	 0.10451517022461476	 0.7576100849043239
-0.961973429667767	-0.22978522526805203	-0.1476681105105118
 0.025564050404594262	 0.01764075927076459	 0.9995175250786064
-0.5549473778139996	 0.4475230972780031	 0.7012535099805697
 0.7607796096141536	 0.6445163376145033	 0.07624353181302153
-0.059405917514258354	-0.9573270129182225	 0.2828355128009251
 0.060609230572601695	 0.6475958903608865	-0.7595696702456517
-0.15942633630254802	 0.9175781948571233	 0.36418882412272063
-0.8364120443555918	 0.47561272197214705	 0.27241040867621896
 0.7518101432957544	 0.44576482886431773	-0.4858757308048868
 0.5258023908260904	 0.7891740309074284	 0.31738965758651966
-0.2853112439995268	-0.19345537192823017	-0.9387078955242427
-0.6902598532922589	-0.15132221043372585	-0.7075612507496439
 0.47860503772232926	 0.7474684796498191	-0.4606822004340906
-0.5837152379957534	-0.758289905455712	-0.29029801965485075
-0.8998282007082709	-0.06966899640877214	-0.43064537632431454
 0.6310800569397439	 0.36981281217095224	-0.6818918137704407
 0.5104234525345946	 0.19266027311489287	 0.8380631946732653
-0.8173735989895696	-0.5755993752990719	 0.02420245504399381
-0.19331630859076068	 0.9713347164285087	 0.1383389803836586
 0.46378661125029813	-0.6514629997079985	-0.600414805977019
 0.9957329343354095	-0.04291918211558152	-0.08169374080261367
-0.44260067660477925	-0.07975965046548683	-0.8931646204516919
-0.40330343663851054	 0.8936337534366618	-0.1968884270704359
-0.6836566807672114	 0.17182666338712838	-0.7092877699436284
-0.3390965251377087	 0.23843379298386452	 0.9100345449502777
 0.11159477388248362	-0.9736463165046436	-0.19889559270898013
 0.21270747348930488	-0.05566992963749065	 0.9755287743864623
 0.6254061718140208	 0.6129892196627348	-0.4828160486502109
-0.7010618906355583	-0.5863512893307474	-0.4058378875840285
-0.8629724867671019	 0.02175153678494037	-0.5047824855623434
-0.14160582854578707	-0.6101593292790958	 0.7795212519332266
-0.4685099467252511	-0.7154818729084866	 0.518251019640933
 0.38303501773238247	-0.04907062326250815	-0.9224295361291194
 0.06067837284003953	-0.924294589352693	-0.3768257517246156
 0.4887809877797538	 0.8582401469834829	-0.15657904103301215
-0.28792004017337586	-0.9279973405412995	-0.23648041444237455
-0.10713230258413689	-0.10125339600960812	-0.9890755378329515
-0.7599389987975865	-0.16734514807634734	 0.6280830514524549
-0.8057857049140857	 0.5833363731859312	 0.10211793904301915
 0.30349214785073847	-0.1276142273416598	-0.9442495036657083
 0.9302548099665091	 0.06728822559162312	-0.3606913961143305
-0.05472334400446789	 0.10928629220999858	 0.992502827177817
-0.514046666671876	-0.7511817086215629	 0.4141039303314116
-0.4819105078108406	 0.8456720788097037	 0.22934907364794765
-0.24156655381710077	-0.14169247904645813	 0.9599837714558506
 0.7114352627484296	 0.6527312866849937	-0.26038766157524773
 0.2953663723696062	 0.1699409588332906	 0.9401482737228425
 0.962723610618289	-0.15079289045475053	 0.22455456741377305
 0.5251459719093157	 0.7764986370665634	-0.34824068518941026
-0.3425444587125609	-0.9289976742897045	-0.1400950212164533
-0.8717392628968975	-0.4890669507257607	-0.02973508418989548
 0.1765877188977975	 0.35141945196905455	-0.9194134795141095
 0.1816217068153929	-0.8961449690187566	-0.40489226976547144
 0.32649202178740444	 0.20098609770682874	-0.9235840775141992
-0.358881856234578	 0.7976456215368981	-0.48473216904661814
-0.13704599739647946	-0.9220279989857583	 0.36205353704103327
 0.5428225165368734	-0.8100862090735006	-0.22159433523784045
 0.29075020296913767	-0.9512050176502858	-0.1033118283175989
-0.08205373207637155	 0.8089057791973489	 0.5821843569123695
 0.3259382704032204	-0.038065696755882124	 0.9446243944643005
 0.5861658823503721	 0.8018133153899286	-0.1162108670986516
-0.6076746436065641	 0.5934531935489267	-0.5277734690037151
-0.7622670229385141	-0.32114769944991467	-0.5619725445949136
-0.02445352685614957	 0.2949447568133729	-0.9552013481212199
 0.7848625233307243	-0.6094353130622713	-0.11215800757689998
 0.9493580111665448	-0.04106785112296041	-0.3115008799956192
 0.879101837991702	 0.029079046539950127	 0.475746116633587
-0.10263818407863239	 0.3030112655780327	 0.947443706033155
-0.9515790161366512	 0.2997408285807275	-0.068211521974972
-0.44802372460179246	-0.2895737112457759	-0.8458261097585515
-0.079048209732166	 0.9799896686772144	 0.18267903498776986
-0.6658261034691612	 0.38869255627153326	-0.6368623843799969
 0.7940558423841171	 0.5720291166989478	-0.2055675286232524
-0.44237401752094985	 0.6264300547995723	-0.641787048066708
 0.6831940642743527	 0.5585620170475439	 0.4703768102830656
 0.6355108265491853	-0.011786342491186114	 0.7720019892911233
 0.8880406321028862	-0.45550740771481585	 0.062424652592026175
-0.37504918997167885	-0.6573910329073388	-0.6535863638071173
 0.8399222411639184	-0.5426204662456013	-0.009677727501149022
 0.6220827916441216	 0.7205355729119682	-0.30633558152568247
 0.638611647059268	-0.7375182951302599	-0.2196404529871573
 0.007211124214185975	 0.9999361171327084	-0.008704099099282867
-0.38069172908023874	 0.41533485237845497	 0.8261784116095416
-0.2061222603527491	-0.028447777432288723	 0.9781126406228664
 0.84478423651865	-0.5207433864970468	-0.12314998639540657
 0.9742929152224771	 0.0477226220663804	 0.22017235678076466
-0.10873421219288953	 0.21191694498482658	-0.9712198924687908
 0.1470449294130582	-0.9415599190335973	-0.30305561800328745
-0.8079089417676394	 0.030087241805673792	 0.5885387835074423
 0.2585258100183995	 0.8021124555264872	 0.5383121903167338
 0.9143324258419875	-0.3504926244590019	 0.20285742592704706
-0.6855806221327905	-0.7278648236542774	 0.013856732758605883
-0.9134576676776767	 0.047578520342373413	-0.40414276408577365
-0.7509788111317361	-0.6555114863174006	 0.07959595804509548
-0.004195799529594544	 0.9921891207975779	-0.12467214539437814
-0.41670013081026247	 0.3084906135920949	 0.8550991418006937
 0.6524269544769714	-0.49773464813667045	-0.5714886605315707
 0.39089402586516725	 0.4828525429303328	 0.7836167955886556
 0.4254667691471023	-0.5330867804139958	 0.7312978277688006
-0.1493482748696639	 0.00902820776827386	-0.9887434370239573
 0.6035964350769105	-0.6797329322749941	-0.4166947136013163
-0.20545150553284036	-0.522216556244066	 0.8276953227238132
-0.5415339809708095	 0.5631716225312894	-0.6241623755317054
-0.6389303085377103	-0.06071149467761083	-0.7668651610589158
 0.6538534914676173	 0.7322409190574318	-0.19052256599556391
-0.30582961856977264	-0.6858979412120538	 0.6603122432959524
-0.6277085032222314	-0.46087419736231044	-0.627357162378937
 0.3530147613033986	 0.8666016298018185	 0.3526785980559869
 0.8356717469081695	-0.5350724117785302	 0.12389610798146829
 0.38423750560171643	 0.9024265384034057	-0.19490480259402876
-0.4696590298423511	-0.8127424396157723	-0.34477546684029586
 0.6207560180817088	-0.5705075135382823	 0.5377575132080519
-0.9324666414551259	 0.30091340390945837	-0.19989268601182256
 0.7571870768146225	-0.6317067868103264	 0.16617540793601057
-0.9164837602747524	 0.26773058865634913	 0.2972841217595973
-0.9893642208923563	 0.1212082726576897	-0.08041761658616803
 0.4007888660154187	 0.5653979895766511	-0.7208976336906342
-0.6159054296957303	-0.6493323289158042	-0.4461255745819731
 0.831634847197569	-0.37746487319553146	 0.40731284098363196
 0.4264482343317394	 0.9037202572014582	 0.03783649242559355
 0.2622607601767135	 0.8667521944986207	 0.4242168396037077
-0.9615344741324947	-0.13747767866860405	-0.23780526260501317
-0.23345454064658377	 0.8353149624421327	-0.49774279600190197
-0.7455487305803982	 0.6626049804839226	-0.0714963647177766
 0.3432179919281456	 0.7368906473876239	 0.5824032827941993
-0.2838045147648472	 0.932073209941479	-0.2251544552268005
 0.9854515834563465	 0.16665813868756468	 0.03332028620188649
-0.9619462862225286	 0.16223413295940295	 0.21986229446086447
 0.43546335075903353	-0.024554845764940703	 0.899871507324893
 0.8947663370677036	-0.4428180949049247	-0.05749205923619105
-0.6075714770520818	-0.4186420256408264	 0.6749783364228049
 0.3999756919434258	-0.17753029429377842	-0.8991676375750755
-0.8718007666993106	 0.14109594204320103	-0.4691005844394523
-0.5779260118658307	 0.7973269427987578	 0.17398641066486192
 0.9882187713979286	-0.15124260132370815	-0.02343790523076661
-0.1732644285571553	 0.08393993817952711	 0.9812917632259937
 0.08719462159369913	 0.906429802134097	-0.4132579240235737
 0.3555520085304451	 0.07465218432895744	-0.9316704463515422
-0.026609708831230063	-0.6007576137424794	 0.7989882432967078
 0.69422915219334	-0.3975106208038693	 0.600025991597896
-0.8203639660916405	-0.08475676082304087	 0.5655256445407048
-0.8969162353981296	 0.3902127837054421	 0.2080270417808625
 0.037073412346114165	 0.7722739153411942	 0.6342070338466745
 0.0973594728360799	 0.2703110073191175	-0.9578377171375143
 0.8561833848194275	 0.4933931018938765	 0.15334033573292855
 0.6639761282952085	 0.5193249804651756	-0.5379937413380844
-0.2583443518255559	 0.16204202893541636	 0.9523657788572242
-0.045763567282980686	 0.9157926324109412	 0.3990357757537222
-0.5945258469112397	-0.08642929860185296	 0.7994179092925457
-0.03022638913555375	 0.5074623946491085	 0.8611435904753741
 0.784868606600374	-0.00701338337671335	-0.6196225325363812
 0.8481037422209365	 0.18012205928313532	 0.4982731040207224
-0.32064078664829926	-0.06879457265569101	 0.9446993133853125
-0.04657480324293023	-0.41919243176827986	 0.9067019867911827
-0.509426671007391	-0.8264143797165502	-0.2398410720957464
 0.8052476447498036	 0.21398769205065082	-0.5529787502931102
 0.20049251413829652	 0.5519565273253114	 0.8094113563062281
-0.543238109382036	-0.07491552001531747	-0.836229646314854
-0.915852911202104	 0.4009893137932424	-0.020518656541201996
-0.3922863960957932	 0.7312097731256536	 0.5580713674107501
 0.2265907448630916	-0.951922872656627	-0.2061540173160454
-0.4429241092348907	-0.33125595303033095	 0.8331192753984543
 0.6077981107993108	 0.1974998986511648	 0.7691392894278437
 0.19413485446839357	-0.7849371091576779	 0.5883752144233501
-0.515146238373786	 0.5492542434749825	 0.6579849003693495
 0.5268778378345964	 0.10940013215771868	-0.842870900602586
 0.9155989196553749	 0.22572793888005038	 0.33275443788907544
-0.8492215515573123	-0.45480487008119874	-0.26828210249849865
-0.8868540840192806	-0.3772939895650096	 0.26671910148401673
-0.1755995463496357	 0.9553827706101599	-0.23750486509344754
 0.2964182902332971	-0.8596404762374303	-0.4161183110960785
 0.21481911574384752	-0.8378488921928978	-0.5018585272386684
-0.9982632259046984	 0.05840322645149116	 0.0077197763180676835
 0.7186080703097787	 0.31367898694708424	-0.6206512180230594
 0.09490083963781605	-0.8722543920241849	-0.4797562987919567
-0.2781560851869499	-0.8936256884078103	-0.35222481640443454
-0.24475469137003167	-0.8547258478549276	-0.45775415460816476
 0.3842969281382456	-0.625121573223148	-0.6793665356157339
-0.8670906080505272	 0.2567640751421021	-0.42687947613698635
-0.9534533643668072	-0.29715099599815625	-0.051263706020148986
 0.9319068201594443	 0.17393696381603874	-0.31826971448564023
-0.5816820175055828	-0.790921993106437	 0.18996955369525914
-0.029028658841676037	-0.6437665214891907	-0.7646711729727759
-0.597529392977093	 0.6581345291438829	 0.45805847451715836
-0.588171656026284	 0.33975422571608815	 0.7339081476284073
-0.8736107518549845	-0.1838338507217156	-0.4505656107296635
 0.9145610674645351	-0.24874090969238127	-0.3189138029680379
 0.06337587106710899	 0.13216914857490136	 0.9891990776034271
 0.5030514403967485	-0.8566137857771697	-0.1146824761297986
-0.4918025394442784	-0.38308847979979255	-0.7819037529266905
 0.25568050537449977	 0.8181694354355739	-0.5150012175621285
 0.5053918385442673	 0.5238490515722227	-0.6856830614064547
 0.735385845740768	-0.41323023758712224	-0.5370739507999115
-0.5140217694686766	-0.6960626220480225	-0.5012768164397015
-0.35469173391535863	-0.7469906363273241	 0.5623155369820543
 0.8228649511739257	 0.44192319222220044	 0.35720745275773985
 0.054532241423054885	 0.43224333969939505	 0.9001066214237572
-0.029409557538987448	 0.8636165303641784	 0.5032907374541072
 0.6021790040023677	 0.7983601421374131	 0.0012371681559956024
 0.5248524741217607	 0.8285143723326986	 0.19517636959022716
-0.6448513474198676	 0.4966965186432439	-0.5809124788627482
 0.6004134093040863	-0.7909995676620473	-0.1175730491494457
 0.9072237847362965	-0.07081121176546422	 0.41464536256547796
-0.3956267337951421	-0.18885057631896798	-0.8987852620790917
-0.5590406195464459	 0.777818919949286	-0.28717819113932047
-0.9977966007050971	-0.06348846739061847	-0.019265464690562912
-0.9094240179445002	-0.2663198860184809	 0.31940831845270484
-0.6641693933444562	 0.615815633199434	-0.4238515339734384
 0.7171107395402765	 0.5461523738481715	-0.4329777959387809
 0.2109092725468523	-0.5519190467911185	-0.806785377001183
 0.5161509869812879	-0.8009010857799169	 0.3035549529076949
-0.6291872758811285	-0.574104214073984	 0.5239539323755261
-0.1829418494865068	-0.9656221856675054	-0.18467829935638355
-0.29147067904312757	 0.04858597870121412	 0.9553450925878999
 0.8623779601218273	 0.4804832917670256	-0.1594994051049698
-0.8706180359607184	-0.4653597987653805	-0.1595759792479615
-0.6506437522221746	-0.6783072790792887	-0.341411691133009
 0.03665849411893154	-0.7687934294552616	-0.6384456262167906
 0.6244401564839123	-0.4892330747829328	 0.6088723096912723
-0.36347486611849467	-0.8395963799369218	-0.4036879246360465
-0.8870037102423578	-0.27954077831036067	-0.36753417702021834
-0.2909905198160473	-0.9323230668141876	 0.21470495211656054
 0.5409857513090125	 0.29727527946903387	 0.7867412694763325
-0.04371881408451385	 0.9697562848616563	-0.24012791021945293
-0.22400681324107227	 0.7246045110969699	-0.6517432394121941
 0.8081051140657285	-0.3275896306387083	-0.48954178424196887
-0.6169018323625635	-0.6977326386654824	 0.3641446061231924
-0.6852898355037872	-0.12658377552309114	 0.7171850452494893
-0.0025113503237018764	 0.6041367927363333	 0.7968766709985985
 0.7780311737174391	 0.33827346190497376	-0.5293756300536402
-0.7823575062280705	 0.4464249957767426	-0.43430571674147944
-0.7354370773185637	-0.6117361273757824	-0.29139529125984454
 0.051006129424913865	-0.1960286834814459	 0.9792707133441805
 0.7189671427885516	-0.5091422311293081	-0.47313891836450817
 0.7769886996721488	 0.19493478929722605	 0.598572458858098
-0.4888695470768002	 0.3794757556813939	 0.7854964778985067
-0.018381640483816186	 0.22059616633285548	 0.975192005039198
 0.3717520040305812	-0.8711619866968363	-0.32074482136687416
 0.18507231665404447	-0.9291933957246626	 0.3199185379904948
 0.556971641088261	-0.7326429483609886	 0.391173748148271
-0.8250114827324159	-0.19982671213652492	 0.5286069792164753
 0.7634195386309262	 0.10024469089779003	-0.6380764922666801
 0.11900567204322546	 0.9924829247920665	 0.028553353878761005
 0.7329532378546049	-0.64883105185881	-0.204445144873243
-0.949243633378902	 0.05657942192521707	 0.30941120455508525
-0.6633052834675279	-0.5363676068761712	-0.5218581140674076
 0.10007591238372905	 0.5561319898233278	-0.8250466784708065
 0.4180281985892299	-0.9024922260819651	 0.10373141783405215
 0.7996001051022082	-0.12009267946577878	-0.5884024305348058
 0.7135309130383071	-0.6464309170049028	 0.27018642763640144
-0.03852809464092121	-0.37847733140067025	-0.9248083561144803
 0.43515157125893306	 0.7397985979989959	 0.513167754666641
 0.5003400170722601	-0.3390753038958711	-0.7966729602566246
 0.39341334493578756	-0.3399601194994196	 0.8541973174720087
-0.23982021010053628	-0.7615489514881874	 0.602104194732587
 0.686016505545827	 0.7263184161121863	 0.04292915716593138
 0.8652633974284423	 0.2636740130491044	 0.4263745629293218
-0.2921044377179982	 0.7660723573202765	-0.5725453176956451
-0.6091862375988621	-0.791355078889261	-0.05147103103993839
-0.4088869502976771	 0.9112459265820356	 0.049419866085535134
 0.11433400314648315	-0.7379050191684795	 0.6651495458996165
-0.8708387543434067	-0.48359326104822775	 0.08818969215483553
-0.6659111257605116	 0.7374450827075695	 0.1128588613215379
-0.5321966002656459	 0.7441094586581034	 0.4038166566664042
-0.08961839289734025	-0.7940692375423566	-0.60118432251964
 0.8705659926749902	-0.452042047914104	 0.19435235865672365
 0.13079329832855455	 0.714727575700245	-0.6870644843433463
-0.7023202067664519	 0.45653428002807056	 0.5461893246181032
 0.8848711818832465	-0.26825445344237253	 0.38084450853449414
-0.17603928042170602	-0.9519212313014287	 0.2507112704809652
-0.3356243515776713	-0.08527007279789066	-0.9381286208794133
 0.11167691567452469	-0.3866855334421188	-0.915424800151279
 0.7575128112612174	 0.539429312886381	 0.36768241346854513
 0.25168151289016527	 0.12097221442899837	-0.9602198391022037
 0.3202902969944851	-0.3765371917532392	-0.8692720338753392
 0.21173882232229171	 0.9759975244698409	-0.050946082776907986
 0.7598043728194834	 0.565906668477166	-0.3200733628677441
-0.6016043409385583	-0.7956843463080101	 0.07041759726288223
 0.9230399651448934	 0.3080031538389584	 0.2305022341986486
-0.9804122578536163	 0.1969549743435039	 7.367032807872821E-4
-0.2288073861406231	-0.29777516817241273	-0.9268101905284529
-0.06308237114702989	 0.3972628620191378	-0.9155341789965199
-0.267244092303381	 0.324591617826977	-0.907315202542869
-0.589114154029661	 0.8061704324801782	 0.05507946365605963
-0.8352988105954082	-0.4014158207941274	-0.3756876838999028
 0.9564000157069326	-0.05127887065571984	 0.2875230206088775
-0.5758315369417848	-0.6685863208127604	 0.4705426364159987
-0.4574372076952188	 0.6462877732303255	 0.6107890922315072
 0.4279339166903143	 0.6621102285725019	 0.6152094018834207
 0.7048493856094311	 0.021309062097416183	-0.7090368590408654
 0.49673189774627474	-0.44324806130123834	 0.7461826706069218
 0.6062023833819447	 0.7604028257014204	 0.23303693494239278
-0.8424467856549438	-0.0963628131557269	-0.5300920878303769
 0.2719025910311135	 0.9339140445323272	-0.2321067392727693
 0.8613871097663356	-0.3444521934740935	-0.3733161308318789
 0.2467216280190639	 0.6906402611885357	-0.6798120827795382
 0.8736912780290585	-0.17638551066015462	 0.4533781008442145
 0.49248736661605685	 0.4890778060916368	 0.7199021414832526
-0.06467190472125128	 0.7387483745020902	 0.6708713616709576
 0.8034286126834141	-0.007404151037576446	 0.5953550561379461
-0.3856640153317448	-0.3930911312080201	-0.8347111056190608
 0.026419419214692846	 0.9451196000914197	-0.3256546572849727
 0.19212261939461747	-0.08985680821054963	-0.9772485114520071
-0.5673578353998117	 0.6839282781082946	-0.4586362360458053
 0.7542149011645068	 0.46680634307402746	 0.4617918588793729
-0.40947882745758135	-0.12092976688402256	 0.904269363268125
-0.7439616140800763	 0.666515585484129	 0.04772935241668674
-0.6879147547568678	 0.6049703208739917	 0.4009790531304822
 0.5733465148890612	-0.7529406661263166	-0.3230388941874125
 0.10107353140030054	 0.2430515154330877	 0.9647331766327683
-0.7436411759791105	 0.3120096065197555	-0.5913102458336004
-0.653735222255645	 0.7170458067865653	-0.2418172246804723
 0.16348453331560933	 0.9121200356011142	 0.37591202165081056
-0.13374152228437833	-0.9882978906492488	-0.07335178631296446
 0.18662287773266173	-0.6484367560242447	-0.7380390741305871
-0.592770720856247	 0.34994369823180077	-0.7253704436792388
 0.9532622345520915	 0.20459357754933805	 0.2223343882585786
-0.8736880510388412	-0.2331095534415137	 0.42700014703305345
 0.19486259608047374	 0.7719663110951449	-0.6050591567631483
 0.05498097694016067	 0.07717976808789495	-0.9955000630701157
-0.5123539838775004	-0.3889017957578967	 0.7656688503923466
 0.4099602335709144	-0.3000766007105125	-0.861328416224906
 0.9850073088490364	-0.051850208310640404	 0.16453618876138498
 0.7705248926572793	-0.3876389778960472	 0.5059915143667887
-0.3423740367959024	 0.5155262984746442	 0.7855015305580954
 0.22824405511849494	 0.9711317137042684	 0.06933863238394804
 0.4228166647422171	 0.7078863947501497	-0.5657940616018367
 0.025404968219460693	-0.5041160202488458	 0.863262199866433
-0.11954027578622127	-0.5758236404967675	-0.8087875230924398
-0.2962357950087436	-0.7365653500869632	-0.608042629103262
-0.2068755726587556	 0.9781631786025328	 0.01998232877573157
 0.03656455456801447	 0.9747765875802517	 0.2201672946980153
 0.7729102090359911	-0.47810671029056473	 0.4171615782200881
 0.9978011848352336	 0.06254976249638235	-0.021916266859347836
-0.6279721352377347	 0.6961172348867302	 0.3479537220071271
-0.4292999939942521	-0.8831681891234459	-0.1889853562500242
-0.09354441243786452	 0.9930639209472171	 0.07122844807093687
-0.5300892318723375	-0.2675530358318931	 0.8046246200994183
-0.121287242870757	-0.853043496119174	-0.5075492079055853
-0.5783639849754135	 0.034828444113406895	-0.8150350178759186
 0.6579069256794792	-0.6558398825744731	 0.37017904528441065
-0.9795286096159898	-0.08623622139910264	 0.18189837014819873
-0.5225378250060655	-0.8526091753999586	 0.003437362612968513
-0.9481628200163092	 0.19050220147503918	-0.2543544337570777
 0.6410649545651246	-0.05933273975109897	-0.7651897477240813
 0.2334259986532257	-0.972366628721519	 0.003929694834444259
-0.5819548076567378	-0.606523087065452	-0.5417179586295837
-0.304072109464285	 0.12846316072642325	-0.9439477573372995
-0.18236233158137755	-0.23404973916825797	 0.9549684285961887
-0.507135702785159	-0.8528663626508585	 0.12422699553356845
-0.7295604039263976	 0.41982466215854747	-0.5398970921075729
 0.6168548169600464	 0.7777386644576384	 0.1208830203164891
 0.0525564624496524	 0.9421002288874047	 0.3311872234629198
 0.8711992120465681	 0.37881107597660296	-0.3122724798103206
 0.17664081301651877	-0.9795253856020889	-0.09658178988785751
 0.9337706966932832	 0.35682846037698884	 0.027308164748447047
 0.4222005189691085	 0.8200049656109046	-0.3864434993057519
 0.7370420011351881	-0.20524768219550102	-0.6439273852819213
-0.7139829471661049	 0.6386734421486915	 0.2869226123015493
-0.14899529553203258	-0.6615680911598701	-0.734934053278529
 0.9012774946776673	 0.13151258584429587	 0.4127993669473029
-0.48031585062841853	 0.07864950809397298	 0.873562212158742
-0.6861004842925396	-0.7194929782535332	-0.10768463073904173
-0.4651208323282048	 0.5238332985262908	-0.7136254526636394
-0.4801980739914272	-0.8434745474788526	 0.24074986498494372
-0.20786007056349243	-0.9687535216952319	 0.13531742411243927
-0.2640491258218591	 0.45713569056629944	 0.8492967794376617
 0.9468822431015843	-0.25084249087633187	-0.20122639605645523
-0.040783065376688285	-0.2083862400374447	-0.9771959458274155
 0.2560485590715688	 0.05842113867685361	 0.9648969405864407
 0.3523701179369258	 0.8089121801544598	 0.47063402425119655
-0.4193424130741642	 0.9051517277135583	-0.06965838366124541
-0.7089174911938949	-0.6321915666104693	 0.31268164926319975
-0.26523036924822097	 0.019450901751738962	-0.9639888555629138
 0.8482478756599491	-0.02555434786199327	-0.5289825297150484
 0.5940472562669109	-0.11890599815527689	 0.7955936280064418
-0.5133777382640227	-0.15865703171134496	 0.8433689845752343
-0.11531799324571297	 0.5774825518742432	 0.8082175837697382
-0.5990024399879167	-0.17232805793254724	-0.781984090207543
 0.7449724469214702	-0.5960164240181413	-0.29963390266868095
-0.8091114880385215	-0.5697125484670656	 0.14410486474526374
 0.9787360353782263	-0.1473823478928801	-0.14266820452256784
 0.21405221960752946	-0.44051610256367163	-0.871852745974458
 0.276932302899265	-0.007350699823720748	-0.9608613150829891
-0.8825734163345864	 0.21195788568535653	 0.4196880025391364
 0.8275471161678599	 0.37123457766821677	-0.42113021604458567
-0.27026261635737897	 0.9055231715549198	 0.3270869975660651
 0.40516269821765316	-0.8110317081568367	-0.4219843081646458
 0.5931579310142948	-0.654804953474784	 0.4683952836864678
-0.8005677429454383	-0.007256413691473596	-0.5991983256114662
 0.39939888985894945	-0.5239981166865518	-0.7522675724025232
-0.5785887018575528	-0.5318857657880808	 0.6183305315402261
 0.6740828211806381	 0.48173911894875376	 0.5599462219388844
 0.9881391067592579	 0.0642284912321244	-0.13948407295121798
 0.3522072307503859	-0.6482859442246336	 0.6750373331364122
 0.7969658651348592	 0.4714369365777856	-0.37761438616662674
 0.8683660760915753	-0.24227763084484744	-0.4327145797006708
-0.7305447825974042	 0.06282921447320454	 0.6799682422204668
-0.9575413133157474	-0.2805536025893808	 0.06636497093854188
 0.07398767543006102	 0.9741052413619089	-0.21364644306824557
-0.5562817818633757	-0.544809224829716	-0.6274818624528932
 0.6652813305680304	-0.2891220236467693	-0.6883380031932189
 0.7410917299820499	 0.38713439084051304	 0.5485526512384726
 0.25414133793301447	-0.9422693790477107	 0.2180380647104063
 0.8755755537685653	 0.41645807333573326	 0.24480629648021526
-0.2238886853267969	-0.09014679397507941	-0.9704367120624885
 0.06879779230940385	-0.40058186002589086	 0.9136744700338025
 0.9980508800791934	-0.05097809128628069	 0.03599548557743047
-0.06896333354787389	 0.10517206353007737	-0.992059925447445
-0.3756542779770113	 0.02458423809604717	-0.9264337421935835
-0.3008595050759067	 0.8619624899989122	-0.4080492911896255
 0.4421551393076846	-0.8697556574354741	-0.21914362674462634
-0.746131055130954	-0.39439773780651444	 0.5364129686932196
-0.8032853512257156	 0.34079629499711134	-0.48845729580222313
-0.8746758702925236	 0.36872287929862785	 0.3146197072812599
-0.8062214333144835	 0.5755887407876329	-0.13676476864619536
-0.9122448522027355	-0.38336392044253786	 0.14436562656164656
-0.4018820260740779	 0.006392600115776586	 0.9156691388172662
 0.038649964854988055	-0.675677105814814	 0.736183828194035
 0.0023996238791738895	-0.3102455931919369	 0.9506534140843452
 0.43610093567917274	 0.46355581978073584	-0.7713183362575791
 0.5370271081489094	-0.6699664454211668	-0.5125883798165405
 0.09280712460799322	-0.0378781904859423	-0.9949633562636904
-0.3293511022315101	-0.7953226451568074	-0.5089103472711752
-0.23316534426274213	-0.3256994353487857	 0.9162716846265191
-0.17248266927680223	 0.7466738079884192	 0.6424390657978567
-0.8536464849448057	 0.3191076771446926	 0.41165272880025483
 0.9468171080753336	 0.11763951178244925	 0.29949675978789664
 0.27766258441632774	-0.15097869274477624	 0.9487407040663556
-0.37857832198514485	 0.8816501826295572	 0.28172931972405757
-0.288386552379741	 0.9330469918055736	 0.2150732607487425
-0.19161670791240323	-0.693148504218318	 0.6948583944579797
-0.39614198840708503	 0.9029409777449617	 0.16664067849673903
 0.05816205990962818	 0.3772274990858463	-0.924292480073546
 0.31487320857068146	-0.739725259245301	 0.5946943781127211
-0.33552668510185024	 0.5122686964698592	-0.7905710759961024
-0.9884109447808921	 0.10629223521812127	 0.10837788044467209
 0.5599883950149315	-0.577771847125299	-0.5937951583820981
 0.6755345622897656	 0.6854431362993216	 0.2716997645419004
 0.019185395112915487	-0.9796013034896046	 0.2000330143147099
-0.6707181975883253	 0.2782954982932038	-0.6875236105426529
 0.42254820476196253	-0.6936577862765809	 0.5833454295615215
 0.5721555588738548	-0.7956677037374658	 0.1988741352687554
-0.934462360795613	-0.2921675209890313	 0.20351470692658424
 0.6712114939987538	-0.31437346480354417	 0.6713005697535013
-0.8161770582535413	 0.23051178783255338	-0.5298295247066133
-0.12248929731450962	-0.9913734015249914	 0.046638511899136
-0.7586292434702581	-0.6499888681683254	-0.04467820731635718
 0.702008960167657	 0.6933912109222754	 0.16245629707729242
 0.44025726057809117	 0.8544037172383728	 0.2759852033670019
 0.31221180171617674	 0.853702620107695	-0.41679206721145157
-0.9701945419383429	 0.2134410019408553	 0.11474096689296626
-0.8202157846888675	-0.5627953554618508	-0.10250587504038157
-0.6494637153330475	 0.40373110392868783	 0.6443586564843506
-0.593061205971586	-0.3733801041459144	-0.7133482345947976
-0.04805086920209701	-0.8244340757853267	 0.5639145047371252
-0.0646214390316662	-0.21693148939669296	 0.9740455833920758
 0.7412339544048206	-0.3117937472951932	-0.5944382928319922
 0.7933358308993584	 0.5871135605108321	 0.16098424294171784
 0.21825339617284167	 0.2625032886285888	 0.9399241876439803
 0.10813730421992032	-0.9066853299586047	 0.40771072572830913
-0.6786137080918061	 0.29396809399839435	 0.6731019201434804
 0.19359215686061573	 0.8820683063047232	-0.42950853287772045
 0.7880763926010282	-0.6130013681652826	 0.056257639947314
 0.8162476516932423	 0.5710560351425147	-0.08737720430740725
-0.21227948600832902	-0.8022241251707222	-0.5580088465374983
-0.08825618499786639	-0.48105866864945307	-0.8722347179095993
-0.13863174078775545	 0.19479458481096446	 0.9709975850507976
-0.22316588459661646	 0.27263886106685103	 0.9358766154725633
-0.611901744101833	 0.5083034717753139	 0.6059734615858171
 0.10476233498196105	 0.9903444105107315	-0.09078987685463014
 0.3301682561881591	 0.655012106793293	 0.6796676118220447
 0.4973606738277715	-0.45102716632200784	-0.7410849177854889
 0.4677826279497157	 0.6201012945882403	-0.629804570830068
 0.3388300667974152	-0.24488065275010026	 0.9084204157452341
 0.32712210117742724	-0.5388384437571655	 0.7763016568645342
-0.6538717299238342	 0.5618420526389973	 0.5067398432063641
-0.8529250871236744	 0.4821552690328844	-0.20011269899458928
-0.9673399248730895	 0.21310811062263568	-0.1372530616539252
-0.4283360663604269	 0.7804684061722184	 0.45540891649359827
-0.35640591164239155	 0.8831134167474987	-0.3050991958477026
 0.2693672897669371	-0.4616646329871084	 0.8451668650938069
 0.027973167828550888	-0.45637777795969375	-0.8893462911971962
 0.2439476483832466	 0.7258491337466205	 0.6431427367914253
-0.5082841842667207	 0.6589147338622876	-0.5545074945602674
-0.9388082606736445	 0.2895805213325251	 0.1864997891572786
 0.8791136423403291	-0.36554100770388886	 0.30584142220756433
-0.4988596295119887	 0.7002360113000331	 0.5106942319253089
-0.579537163323844	 0.4650799333668836	-0.669206494219839
-0.16832619379561573	-0.8263085284544068	 0.5374760536859233
 0.08600776922934243	 0.532772868723335	 0.8418763175101793
 0.17087658483855525	 0.4539953868818428	 0.8744651973886198
-0.751741510673545	-0.6381444888996812	-0.1663018713581454
 0.41145263859678793	-0.8554897242216746	 0.31439474859301364
 0.8769042549496217	 0.47813041160426023	-0.04929743553562965
-0.3468926249602289	 0.23427902560602137	-0.9081733561987464
 0.50876714373123	 0.8599935312058775	-0.03958686327067736
-0.2645245017897603	-0.6652878294571481	-0.6981539170763676
 0.6759440745882981	 0.7331974261769904	-0.07430438934817951
-0.9163751240951135	 0.16620520062707864	-0.3641874012430661
-0.49265315187456743	 0.33051700781882243	-0.8050163846099947
 0.22609491696886638	-0.3316796482802215	-0.9158983019077772
 0.1581464452215907	-0.7338571699836383	-0.6606385970614945
 0.3089148508086433	 0.5671864384938917	 0.7634599917078096
-0.5885376133381046	 0.805789746395566	-0.0657750886738836
 0.48856038664620055	-0.34421009069087477	 0.8017656528354745
 0.8160680386548813	 0.5143453729532249	 0.2635939938761566
-0.7502960545594829	 0.5451549295264883	-0.3739811938125273
 0.3636786980598996	 0.3830566328148941	 0.8491203805315073
 0.7394854937113815	 0.6569017135877235	-0.1471099700086532
-0.9557223305394648	-0.0572665584812024	 0.288644016372994
-0.9124679117696355	 0.39715937991819716	 0.09831956536597199
-0.41679227560329596	-0.6679284708849484	 0.6165677227837352
-0.4969041933596983	 0.8606402298426327	 0.11128619590033513
-0.13810831341826307	 0.5834441418609358	-0.8003243261909004
 0.5668781584424876	 0.39671657696127766	 0.7219869188877183
-0.21557960376955898	 0.6690473375194401	 0.7112672455531099
-0.7861660979383294	 0.5622671302193207	-0.2565122623333054
-0.9939985759163523	 0.0052521778226469595	-0.10926685547037247
-0.3132319178338818	 0.9495980835994947	-0.01221659831030941
 0.7973251983357925	-0.4237113103240871	-0.42981537152856014
 0.7253981577456127	-0.09274434166616688	-0.6820527837551729
 0.46851049496041214	 0.39264068066288343	 0.7914108995967499
 0.5392558914350898	-0.016163320099581616	 0.8419868351915635
-0.16752848601332734	 0.8912996601444885	-0.4213301819243449
-0.37185077871974953	 0.5865698332186041	-0.7194878936600773
 0.9544870995866825	-0.14757778065487878	-0.2591817419873217
 0.8496131201110018	-0.08003304897636487	 0.52129862574804
-0.9785042170412729	 0.03872160608888599	 0.20255896537636262
-0.5751639012654272	 0.029860670491471904	 0.8174930134496159
 0.38972396070915644	-0.1352810422813437	 0.9109414218534807
 0.29056652260544086	 0.31890201000185947	-0.9021488812594934
 0.3709961473041878	 0.7860485110104711	-0.4944588931586433
 0.21873994405586678	-0.20330257121462464	-0.9543693736766488
 0.1767187673391963	 0.6275492447048979	-0.7582561722402443
 0.5782193306677961	-0.47821765191968035	-0.6610372780974714
-0.1799647351949529	-0.7375033631931998	-0.6509235618449605
 0.42888590260350107	 0.15547556779491775	-0.8898787728487675
-0.09556237319188314	-0.9813309649828131	 0.16690527252257786
-0.30071445407942077	 0.4213281421124309	-0.8556012001930591
-0.9883664058650565	-0.13686622436870774	 0.06632860909475737
 0.5692317101775135	 0.5743777187321317	-0.5882733177294849
 0.570562423928312	-0.14047733094829226	-0.8091505668852325
-0.5594207188463363	 0.7762272823129084	 0.2907226608274021
 0.7072718458333438	-0.7023861245338865	 0.08012657582701656
 0.7381670683270486	 0.2079517983641582	-0.6417674257817725
-0.9767133108365516	 0.09551541811242568	-0.1921143236135984
 0.6968847657559614	 0.19858005886479438	 0.6891426437817599
-0.3705242777426078	-0.8834585051884948	 0.2867277963738937
-0.6508989260780961	 0.7228882531814721	 0.23186884534715138
-0.45066942734942483	 0.19604081093677775	 0.8708989997122469
 0.9945183328582817	 0.045065638200895416	 0.09435239192691203
-0.8156712200842301	 0.11300241043968395	-0.5673719379394127
 0.6648294180763624	-0.678210960833972	-0.313100203552961
-0.48018543525426954	-0.6392832401248351	-0.6006154232661367
 0.8427414420222621	-0.4429383803881304	-0.3059288366227972
-0.7866104364351806	 0.13811997976796692	 0.6018030346219194
-0.030460540366379234	-0.0030801481598391077	-0.9995312242085795
 0.6919111062007995	-0.7119922677746837	-0.11969140213502769
-0.20141547433597676	 0.8129618283694441	 0.5463742968993177
 0.47055219327537723	-0.857743350287193	 0.20701927070162707
-0.9510783419810327	 0.30477977873115475	 0.050589266561181685
 0.7063067343483469	-0.48444927767997714	 0.5161779677296603
 0.8355405539256086	 0.4789327620890673	-0.2692496836459125
-0.7863155922838261	 0.38386967156079926	 0.4840990235345862
-0.4698228626243092	 0.839883079356585	-0.2717772815486975
-0.9084072336724958	 0.39444411824368575	-0.13860063273464815
-0.6722356186403661	-0.7278307265998001	 0.13550537424180437
-0.1858910484923367	-0.934723349526055	-0.302880798237875
 0.8096517094467259	-0.18889545933705676	 0.5556821167104776
 0.9643731262656124	-0.25113785799860855	-0.08315196700355207
-0.8119752809317103	 0.4385369280692666	 0.3852032007596
 0.5253356637240665	 0.8472168570926221	 0.07903187633919709
 0.8876454905178548	 0.4570943367108417	 0.05612709247941454