-0.34285904884005686	-1.6655771392397387	 0.09721671929126088
 1.5376259986445706	 0.4559071110488466	-0.368222333715224
 1.452686974766836	 0.8219662307954205	 0.22900427527625028
 0.909389428351316	 0.19400748941334525	 0.7037261913498941
-0.931797372609317	-1.1060415196432047	-0.5486638320515062
-0.6202743170285443	-0.523660989450048	-0.6817025129705873
-1.18890997435988	 1.0757676005530372	-0.3689178667250254
 0.36808094424585497	 1.4683200927396034	 0.48601350554661765
-0.43049837114401773	-0.4724733102141432	-0.608247435713462
 0.7534336946588641	-1.3442690596829063	 0.4554731375368614
 0.7811508153447577	 1.487702974566998	-0.1931922874491242
 0.8009437600740897	-1.5043721838569855	-0.06410315716339299
 0.9918582621146405	-0.5802725869550123	 0.6913113449195344
 0.6587623481664518	 1.516337323002494	-0.27094478954959766
-0.011999634301541516	-1.40203083905272	-0.5817911642993487
 0.8323939571624093	-1.3879205333161704	-0.34313028194684153
-0.5327568791467493	 1.5614050105819082	-0.2791427436073083
 0.19433970166971748	 1.6910714531812505	 0.08404664160058904
 1.4311193045080677	 0.2183876590616892	 0.5474742179013297
-0.4151804004084892	-1.1566651780060822	 0.6691381005860786
-1.580070632758883	-0.4144349917543596	-0.3143351188261731
-1.579218642839335	 0.5320699903155582	-0.23665519958062026
 1.4372395959981035	-0.1621517437924684	-0.5485579028150035
-1.5543029534759474	-0.2763667566157701	-0.40654447367967506
 1.6788115571346838	-0.09942185679358231	 0.1880531172628036
 0.8233325316785205	 1.4929957498756106	-0.05632452599929554
-1.049767208653393	-0.6746100749035288	 0.6623634435404298
-1.0261933062781472	-1.300656294032606	 0.26238666452248915
-0.8799967210394222	 1.3506533977057176	-0.3543493324473701
 1.0670798757681388	 1.3289835174442433	-0.06342238145920961
-0.015901132352096514	 1.558193780004493	-0.434143027125095
-0.21178015310820406	 0.48485959614328694	-0.5276342228327016
 0.5823239575872948	 0.02699116711726512	 0.5711564027629074
-0.10513220934265628	-0.9710007121378733	 0.7068288452451469
 0.609438771017919	-1.1724681413642797	 0.629962920060429
-1.3334400702883138	 0.17656583945645069	-0.6173098303395562
-1.5159231656645678	 0.016265980248299283	-0.4836158402238399
 1.6903891156582738	-0.2047905089152339	 0.07933940328676369
-1.683738412254835	-0.2365553191354042	 0.09882628920108569
-0.43894710016326316	 0.6836752942610188	 0.681893458724666
 1.6947568291996633	-0.16655997846926462	-0.07779378687268769
 0.32075103542211814	-0.4336804073500524	-0.5366611064575206
-0.8537772936746852	 0.07871587585587884	-0.6926873773062837
 1.1383070440400744	-0.540276214848403	 0.6576796485505402
 0.6104229498552628	-1.5879249583660406	 0.09193992003165691
-0.30120488541110846	-1.6782828652044433	-0.05466669691111004
-1.0213476922813196	-0.24269290735452717	-0.7054589889691951
-1.0643136804316502	-0.7072186259866692	-0.6503428475379112
-0.3857084039829058	 1.0300598185446526	 0.7001212370061717
 0.7336845483953698	-0.1480116153807585	 0.6609700375708297
 0.991021109237265	 0.9757453389560777	 0.5894581574764123
-0.8272168297218291	-0.19847951164620958	-0.6912734845586207
-1.4531459036458683	 0.3990632541007299	 0.49310991373815216
 1.033470090007868	-1.038362457784515	 0.5328375756031143
 0.6472649151641188	 1.4537018368245924	 0.3879797451146674
 0.2494327905375527	 0.7348105612100245	-0.67079905572325
-0.2671090023152522	-0.8782797431806276	 0.7024435308167138
-0.1351291408615499	 1.6111510306828303	-0.3459756612895636
-0.27990154539586765	 1.612368500004976	 0.30828600844779974
 0.4986238327958786	 1.1789813685456665	-0.6493860974099372
-1.476119125962044	-0.7041578252498922	 0.3103666376457692
-1.1340758884197644	 0.9924937994513312	 0.4930118077134792
-0.369256535823263	 1.5279077901064935	 0.4160380063500296
 0.5896134147104679	-1.0413765614598902	-0.6793063807068775
-0.20459829143029476	 1.548602023737819	 0.42923256313270347
 0.8276423421382294	 0.3725662844494583	 0.7011557349269038
 0.4198010216793893	-1.6125671842419844	-0.2370133108074683
-0.6224392150908007	-0.7159867465467894	 0.7053518958022511
-0.5585282509025644	 1.4209678332737092	 0.471845238703929
 0.3189623526774331	-0.6570430841153347	-0.6537977844877392
 1.2954888392961996	 0.9333363195063061	-0.3796263651343015
 1.3804593791401771	 0.9379841803807503	-0.2293938603326401
-1.7049088460409008	-0.005282181662719795	-0.056947592261440576
-1.2311573111477427	 1.182114980130727	 0.024371147110572495
-1.570512016336991	 0.6224180251186026	 0.15793683827863375
-0.9292493534164441	 0.4197346335321268	-0.7069405998676924
 1.4724514194737484	 0.10298342974407457	-0.5230000017502181
-1.5259619748567064	 0.29056112439564946	-0.4403668270940006
 1.4259650149361307	-0.9099555922475084	 0.1479444688552251
-0.727707714256945	 1.0596793288183508	 0.6470299690951375
-0.3913394196163388	-1.4485005894617444	 0.4997173408022121
 1.4913759831636626	-0.8291843471053885	 0.0342285478510558
-0.5349370957820602	 1.5157821136921894	 0.3622283127418543
-0.6973550327584626	-0.34109951846087255	-0.6709043095178675
-0.8312323417016967	 0.5675758305011434	-0.7071834908545113
-0.5239084106367827	-1.3057996515023884	-0.5783755837704031
-0.6288425041221106	 0.7233142907103891	 0.7059919585432146
-1.4998323829409486	-0.7724626862420597	 0.16759979565983854
 0.7083877154293667	 1.1220193968074335	 0.6271111920477116
 0.05620018903242344	 1.6890315999339454	-0.15523371051862336
 0.6171890100542246	-1.3062221320202922	 0.549908152084982
 0.44167513817738047	-1.637239164377607	 0.1267200739290997
 1.2672867597020907	-1.097375798078861	 0.2065462548950967
 0.07506786982499605	 1.3588970359609382	-0.6081549973455262
 0.8587225840634377	-0.26565416451509183	-0.6999462971562985
-1.439271059866954	 0.24504758018654824	 0.5371842852012323
-0.4746810314103838	 0.7949957121336657	-0.703323675594946
-0.9596490737963213	-0.06893816986554392	-0.7061984888218978
-1.6192834055969476	 0.3393650371717169	 0.26801007853904185
-1.4481323277142417	-0.8868922862447897	-0.11294893716902858
 0.4685483601313046	-1.2771357953268727	 0.6085085777391179
 1.3182401247358877	-0.2181847634020191	-0.6222040834779051
-0.7515920839296522	 1.5197391487354313	-0.12853819321182844
 1.6283286319903532	 0.1761175673304408	-0.30549959605139787
 1.0441542183224768	 0.7194297578283108	-0.6544648607673658
-1.1972677888949763	 0.9220197561852834	-0.4887514562011489
-1.6013974282176417	 0.32071137996404814	-0.31498212677104304
 1.4991198229630007	 0.09731151047138883	 0.49786645235573807
-0.11438760915203938	-1.4605573939453775	 0.5328210726082389
 0.9705592138553294	 0.5138512010529512	 0.7003635816228366
 0.2981377170907218	-1.2369467675326262	-0.6526607538329124
-0.7573507964346805	-0.8257367004221418	 0.6968797831418371
 1.55782161132579	-0.6213598110176937	 0.20394375853101693
 0.6594151051546577	-1.5731047035128225	-0.04591140276927775
-0.42504197993992116	-0.8705307150780475	-0.7065229906121485
-1.605308044013838	-0.10554434759389326	 0.3599241031309284
-1.012748536589031	 1.2821726415083345	-0.31356494060017315
 1.105399685663808	 1.0113261241896334	 0.5019156193130991
-1.40469217655644	-0.9698396506695143	 0.018532091486639566
 1.6446204971152838	 0.00907118707688649	 0.290831922578737
-1.5342756851703316	-0.6604969564924696	-0.22518009925824642
 1.0047733399300598	-1.043419371098998	-0.5467678433808605
 0.7077771598949214	-0.7540665663415176	-0.7063862700664475
-1.3226940363686241	-0.9341148011804248	 0.3415183964248867
-1.2074194305599941	-0.9844914358766773	 0.4346112517664346
 1.6119379905921318	 0.43201548341660334	-0.22983108648105624
 0.44351990194945734	 1.6455933152229654	 0.06397187118893354
 0.19575220039755115	 0.517995849649125	 0.548645267832069
 0.34477861813619526	-0.6565378247807392	 0.658301488394158
 0.04314889234037982	 1.2073235228721533	-0.6759051667733256
-0.26354575898430627	-0.6794002007028102	 0.6531165634158235
-0.8783110630187848	 1.0851075209512289	 0.5859304012705694
 1.6592514337058208	-0.2829231664500742	-0.18272759651638046
 1.017274897583955	-0.3872184868660744	-0.701656985392025
 1.5195185881231408	-0.04523477254050901	-0.4791154348989439
 0.1375060306588207	 1.3535581795385818	 0.6084183879133843
-0.7867115481276749	-1.3389500052254057	 0.4408855669188563
-0.3623786344004325	-1.624362899854187	 0.24262129195121135
-1.2220738034408183	-0.4363587866416828	 0.6415298932375144
 0.008191220937763635	-1.2694636013708491	-0.6538548542299262
 1.6031784266493172	-0.5829838236199314	 0.043292940586209985
 1.6892442450126022	 0.20160713065510702	 0.09178353921279842
 1.1098492696647033	 1.2481946301618863	 0.22562776351699068
-1.2489161874139372	 0.7801028995441809	 0.5261786897490733
-0.4039235094276199	-1.3143038281580388	 0.5996222472285874
 0.6856306011422985	 0.2924578346940763	-0.6597952704895942
 1.5155787858401388	-0.4236581587291768	 0.4135741302506809
 1.3532455958383571	-1.030035796091392	 0.09604892160954752
 0.16776846188078	 1.6554273334743097	-0.24367760863797672
 0.8025646470306389	 1.212592220826392	-0.5421423105102517
-1.1574173151943106	-0.5656599583636486	-0.6458044889065756
 1.5054621670086539	-0.5144431691901707	-0.38852171579771766
 0.5902673259968063	 1.5398239993766338	 0.2807896131316471
 1.3860517809689374	 0.9541217405383472	 0.18457596983474275
 1.2396595831732626	-1.0382404943515964	 0.3456271852689042
 1.4804273289267111	-0.685570451018949	 0.3184420995173712
-0.7634281688186482	 0.5901145074135817	 0.7063426717833853
 1.6087594043005657	 0.5445947478863207	-0.11106742570159296
 0.6253637241480797	 0.9995628050477432	 0.6841674159412959
-0.12398101438502346	 1.1575272705703068	-0.6879000395871784
 1.6062002217033744	-0.09008337156073	-0.36000786308148297
 1.435244289967237	 0.9170189876778405	-0.07534866432938792
 0.10491113250573775	 1.4852794781258147	-0.510930126559185
-0.511888960514146	-0.6929592119092333	-0.6935238354839302
-1.4515297887798435	 0.5472491509558621	 0.4430111949339283
 0.19236840066357638	 1.6392605092058792	 0.27746860470105605
 1.0115167307324047	-1.1763303924198205	 0.44281102175175846
-0.5287494628714156	 1.2877178771328148	-0.5886005647250988
-1.0352574894599567	-1.3466577243910425	-0.11003542966674577
 0.45360911525620784	 0.9451659858761549	 0.705556837824321
 0.6043768417875949	 0.6322128983274062	 0.6960111549757646
 1.5448374868120973	-0.5288900792760963	 0.31564718188395113
-0.46848269342296645	-1.582642232402001	-0.2774317763318825
 1.4053627453397954	-0.4683900978950733	 0.5181134579384635
-0.8357891604291334	-1.4130183740231994	-0.29728404161670174
-0.1027438148162986	-1.5704428395067638	 0.4134058539920538
-1.1924175536647157	-1.0803483236971396	-0.35947241219975257
-0.04169460609779922	-0.9138401393794753	-0.7020615648944566
-1.1050003757090647	 0.719274838309439	 0.6314454208877452
 1.3979328908482678	-0.6198185375741062	-0.4691690556991571
-1.702365943321018	 0.09438035143107197	 0.05616025511003612
-1.3697133104389925	-0.3916496280821856	 0.5655619109589198
-0.12590217723128772	 1.6284746802608516	 0.31470403528185764
 1.2079859051222894	 1.1400554633654787	 0.2514278334108494
 0.2063482740821791	 1.4688672686628845	 0.5163151679302677
-0.9285613171759376	 0.857111135240594	-0.6562228237936656
 0.3186662234312009	-1.215422400310415	 0.6590578577392616
 0.039496960744170674	-1.611393944084236	 0.3546215553776648
-0.15423559398220335	-1.636210869744734	-0.29343627682832624
 1.2941331854339164	-0.9062376072950997	 0.4048215766959123
 1.0060227417116117	 1.1273982631680541	 0.488911279174469
 0.8902758693291973	-0.9916367093124075	 0.6240996705000679
 1.537194330260019	-0.20992292394005424	-0.44276496342680666
 1.171278344606047	 1.1416299093528763	-0.3100873812989559
-1.4630703639559293	-0.7941901447091403	-0.24143384681705876
 1.0219621350047419	-0.9025177905757706	 0.606686673968197
-0.6825215916814665	-1.5580741714767283	-0.09347590777743774
 1.2985539345877901	 0.8046010905044533	 0.4709218216849756
 0.3640093068401989	 1.2917482614561353	-0.6189896757719147
 1.5788108996301848	 0.6035369309535448	 0.15402631595121255
 0.7683253133241874	 0.6206219647589609	-0.7071061157458336
 1.545626272851103	-0.7107565491382953	 0.09190943742622298
-0.5064399058646298	 0.07959632088754585	-0.5124915717061956
-0.9914830912771477	-0.5535913727292927	-0.6940993169202876
 1.0477230289297426	 0.09421005609526273	 0.7053029344973829
 1.2786815336522044	-0.5066814878998389	 0.5993483107128612
 1.595210700062439	-0.4008633872870577	-0.2904746816574119
 1.5345770176696918	 0.22348389803507177	-0.4436317231514916
-1.436157598518413	 0.8466315402462753	 0.23470009909807477
-0.6582755930288537	 0.20663939395271397	-0.6356241520634603
 0.9582893564700974	-0.07944210263705045	 0.7061690216783225
-1.2459894347425653	-0.4217945654893192	-0.6329647317137284
-1.141645753554627	 1.2526299712236155	 0.131784589101604
 1.2591390962114417	-0.015177688653566663	-0.6579897854257986
-1.0172693228116823	-0.8366912721138832	 0.6321121025314878
 0.8530895618632984	-0.4606516066883739	 0.7065562856914416
 0.049209224089574524	 1.4704967432168512	 0.5272652147050478
-0.5461434127732477	 1.5828871354989142	 0.21274298974799072
-0.9218219893211623	-0.5555213833636934	 0.7030887164417354
 1.3365584258334564	 0.13014266301856822	-0.6185342725978995
-1.3463024893005862	 0.46902366150557906	-0.5647676288445883
-0.4817555936603038	-0.5900369820364817	 0.6658665752942885
 1.6162386189649052	-0.4871709474893657	 0.1634559932646815
 1.34703598902219	 0.3961158660940023	-0.5804120466979236
 0.6758362889677466	 1.5578225732830207	-0.11312952201551123
 1.011332194431383	 0.33819428882400027	 0.7040913464767606
 1.7045512018507565	 0.0925948964007922	-0.014528726912267769
-0.9027128788600297	-0.38246824046934613	-0.7069417602655882
-0.2989905853173317	 1.1004695852205815	-0.6931444021913978
 1.0278267354450568	-0.20507248657808086	-0.7055769710493673
 1.2387167468481006	-0.9938122097531858	-0.39278738092309046
 1.3438178274123098	-0.9738048457346491	 0.2552068267234712
 1.2455652420124663	 1.140656667952478	-0.15971159425888562
-1.0791309700582161	 0.561179791727957	 0.6733160900670493
-0.2464713606751464	 1.647643094690276	-0.23796442253314648
 0.8910408967015785	-0.8245376091612425	 0.6740560020085089
 0.11480734517236672	-0.9054841878299645	 0.7018088015454864
 1.0018494450259592	-1.3791634897944072	 0.06028992422874908
 1.6199716719916708	 0.4593035261119686	 0.1803715064238254
 0.8707377380285283	-0.8284263668658862	-0.6777923069035722
 1.4164162373437166	 0.2533162364754682	-0.5545509201381922
-1.1256460432934072	-0.8442085594412247	-0.5783319807045175
-1.2020272562000887	-0.6086376975193144	 0.6160438445928086
-0.42764452354527216	 0.9935495454578425	-0.702481501688004
 1.0172001657569343	-0.5643322444439881	-0.6881120315136722
 0.866573092279694	-0.6545432269651701	-0.7019662729198126
-1.3195646177774525	-1.0794677398939505	 0.05781472537108824
-0.6253131222625624	-1.5676157061791387	 0.16485536245503657
 0.4154476709166969	 0.7529474680987964	 0.6932092786028292
-1.0963905016207236	 0.8241424172951524	-0.6017187790909919
-1.5186205660452938	-0.17160000177779486	 0.4701765882025254
 1.0828013662656377	-1.2817399573720671	 0.20153332834639903
-0.6382697628421055	 1.5831233191145782	-0.019419585188928154
-1.4908618398678999	 0.7547759997283422	-0.22330233338359032
 0.6275058592362402	 0.43030215421747525	 0.6655584207359584
 0.754865763429568	 1.2437338960350952	 0.5415060649650275
-1.5245338647090558	-0.7524282131781814	-0.10003106107095949
 1.1892515202130902	-0.1547185719527554	-0.6785581060983615
-1.694313387877386	 0.1355166899097668	-0.10264977813305859
-1.0414343919388969	 1.2983091873452886	 0.24235854734176718
 0.8526091657486143	-0.6630040420223198	 0.7026680545021085
-0.7337279560262575	-1.5393404757010876	 0.05247406521908582
 1.4783193067906195	 0.5859742705615255	-0.3896069313856472
-1.0055237949912164	 1.3769768682151673	-0.055471511563389066
 0.12610778023915822	-0.7833912160436439	-0.6763867925178626
 0.14539603591556977	-1.1639151255438107	-0.6857371235037095
-0.4399017965995278	-0.7908887739289028	 0.7008033806514218
 0.5875479724711593	 1.2340325057896253	 0.6046766644601823
-1.6580762514455194	-0.18807878966666378	 0.23017170624768252
 0.027697922021941098	-1.5181039172073938	-0.48110031216143523
 1.611385192945804	-0.24973914851795223	-0.3201022939924349
-0.026007323938769034	 1.3461104355029283	 0.6165911569730302
 0.46138778889351884	 0.29790057566172823	 0.5449153216810507
-0.09751908367430616	 1.672770146886677	-0.20904962221993628
-0.18132373591131823	-1.0550686850562947	-0.703687188325675
-1.244674343366602	 0.04115137763037133	-0.6632889635580113
-1.3549207642636407	 0.6978687071791383	-0.47485509416687877
 1.1132003162082365	-1.291439827603552	 0.05588600295098572
 0.038519552544215	-1.6252359837335197	-0.32963627554077135
-1.4967318613935008	 0.7219940626583471	 0.2494206349162744
 1.6495326719210497	-0.24631370956214357	 0.23273487153615052
 0.5220153866938219	-0.21260805998346954	-0.5565522814637293
 0.8561953389832329	-0.46616029267380193	-0.7067670345336177
-1.5611122485526565	 0.6493919493082473	-0.15151210653037095
 0.9301964363770782	-1.3907257620092701	-0.21688517694063392
 1.6543583868256406	 0.023836453696701225	-0.26784584201350975
 0.7271391025874144	 0.7812915256808152	-0.7040032622462713
-0.04272888632618823	 1.559741301617989	 0.43149194111652217
-0.7412878738341955	 1.4091150344919185	-0.38658210368149354
 1.238459401829957	-0.21260127689514427	 0.6590297879717726
 0.42175912531481785	 0.5467109607646322	 0.6358878422067809
-0.32699836561164597	 1.4756260789375797	-0.4884642257052038
-0.7999888515958994	-0.040041553698526355	 0.6786355368531484
 0.5863962708317687	 1.591221688087274	 0.12636658743436824
-0.5014511311335571	 0.8704880526107216	 0.7071986779681613
-0.6104915069040161	-0.858429226444919	-0.7051964744120616
 1.2026779001269623	-1.1155466878671065	-0.3000866689566612
-1.0301557792251965	-1.2138883620497267	 0.3867586057715906
 1.1484940410243312	-1.1763428946979084	 0.29220144163238326
-1.5382483048690827	 0.14831875662783803	 0.4502324357028939
 1.6871718210353404	 0.24699085103488277	-0.05392227857673651
-1.2047136937659961	-1.1592463675047002	-0.22074081354805294
 0.4241076327051053	-1.592189321671721	 0.2839513225583637
 1.6048973464026821	-0.3881702837221306	 0.27590761486019627
 0.7143000939086247	 1.5241252328672672	 0.18270370338220318
 0.6789142331633161	-1.5393020216549822	-0.18579456262519586
 0.5097021245154568	 1.1132422273434834	 0.6706750362614001
-0.7113655995122563	-1.1567699642967089	 0.6099087545805776
 0.9864419938714342	-1.178515516420744	-0.4603505353168092
-1.3450337704580078	 0.9242864208646232	 0.31737693322487315
-0.23245693921263125	-1.6060682204379801	 0.335062360598716
 0.5127211297811195	-0.6928441316215103	-0.6936040217258267
 1.4165265434512302	-0.469517589507488	-0.507720625878818
-1.6100344016828094	 0.014777296117565212	-0.357667908458421
 1.2803768988673074	 1.043538468415244	-0.27449866102084924
-1.39317171336433	 0.024391342330879105	-0.5877066592737602
 1.4596754683762996	 0.8773328309342775	 0.07666482256816208
-1.274187273990346	-1.1288031492700503	-0.08340813123565642
 0.3879679908614651	-1.6567721108188418	-0.08899819195947144
 0.5216562431576757	-0.4890166492778997	-0.6472565178482387
-1.1818498309043082	 0.20699029550152084	-0.678391742665902
-1.4173771716061419	-0.8468888726445576	 0.2760454040026529
 0.2011554881702848	-1.6938861142548054	-0.044876852919516375
-0.4527745752337784	-1.1845663887474118	-0.6544058850076926
 0.44249075709825264	-1.147512661888068	-0.6688125579271712
 0.04432607607726023	-1.702649062633605	-0.0749954067146469
-1.4638805385473903	 0.4253696088604839	-0.47447303860918116
 0.4498932726239202	-1.5276986816038718	-0.38602629527802695
-0.9055505589765108	 1.2210143627134553	 0.47914579992565737
 0.28583693387664916	-1.064520601867799	-0.6997860056856641
-1.3346431902565008	-0.5417132419442601	 0.5533597213619517
 1.306695269900261	-0.3918159985819369	-0.6062408064870061
 0.4032411031197648	 0.5817032766660049	-0.6440269570238176
 0.8352718450663712	-1.4514818250054098	 0.21210370233827103
-0.41518345427966247	 1.2007625620506261	-0.653431520149948
-0.3701226469690113	 1.3502652196291784	-0.5831740021789792
 0.7719945116166608	 0.7281704536394284	 0.7045580261315362
-0.8073935353367332	 0.7720430942758723	 0.6974498420463453
-1.2556427718764278	 1.096698685691611	-0.23465477071232763
 0.23349910916636607	 1.2270171291713348	 0.661915198136459
 0.2203338971800787	 0.7251911497428549	 0.6644925856743767
-0.9071164129081554	 0.4817202528306824	 0.7066945298453314
 0.3078086153923533	-1.649513056369913	 0.20120894423733002
-1.4592681558626344	-0.4819014051679262	 0.4604545207937636
 0.3058493277790441	-1.3809636198908375	-0.573062940437674
-1.001065330330136	-1.3679219026865934	 0.13036874183809233
 0.5904989879291107	 0.8939630510629907	-0.703601934507786
 0.6912346960047181	-0.5617519352484135	 0.6987184834582709
 1.4825500848056916	-0.7838592185195445	 0.20444414500141375
 0.029773346390454092	-1.5155029996672276	 0.48384513751674163
-1.301310914048894	 1.0966658751541392	-0.0874248616782907
-1.299527339700049	 0.023501694875233996	 0.6405521660899189
 1.2486963174229189	 0.9390562318603893	 0.42879617799003716
 1.448147711544289	-0.5844592431335286	 0.429778768112932
 1.5723557020848227	-0.280619051326398	 0.37881734747576606
-1.1078821980338116	-0.26235706658765845	 0.6935145823765295
 0.1872427357147133	 0.5046540894012683	-0.5356839644504218
-1.5309716184948516	 0.5798636047273571	 0.30699682745461376
-0.8936743863720794	-0.7015434979934994	-0.693986005542659
 0.6919195240947683	-0.35378113912628917	 0.6711743759633527
 0.2619378195118632	-1.0313056558806273	 0.7043071919016191
 0.7521171078162217	-1.527760896672125	 0.07834743450024838
-0.9739288321582501	 0.820310814166397	 0.6522461432240081
-1.3938012714763253	 0.9837500915219564	-0.04136197964884136
-1.6264015743963696	 0.5093933598533011	 0.06404800848044523
 1.6669284881408462	 0.3580475326179722	 0.05655948450908948
-1.0678645419919839	 0.21333601946799316	 0.7015953943925083
 0.8220608172729348	 0.4479868706653256	-0.7043301780729622
-0.5912443388091364	-1.6013079830047106	 0.01844174227292978
-0.5851812931933014	 0.008120932002853692	 0.572820417287573
-1.5214779748866532	-0.5537026684337181	-0.3418586822181178
 0.9414559672968529	 0.6853251682644332	 0.6878211281260591
-0.5163350853481945	-1.49033191403885	 0.4085867782677316
-0.3806896610008101	 1.6449651311417355	 0.16186186837963223
 0.8748741285026768	 1.1343043120260459	 0.5595501557195327
 0.6541031317166435	 1.2039280766580713	-0.602614883007096
 1.158070735416341	 0.8758128017883978	 0.5439548911665587
 0.4591193579848199	-1.5106222438234018	 0.40630368821668456
 0.45747832477389533	 0.34310536695360433	-0.5628810666035917
-0.9848623224765783	 0.702872085353488	-0.6753305531057988
 0.03434004124445678	 0.670924956406918	-0.6264486444610377
-0.29408461257630447	-1.4522170181907164	-0.5178040048738146
 1.6653259463852135	-0.13104151066200448	-0.22498013709823178
 0.7602905069733785	 1.4540590279165178	 0.2991413151009711
 1.038943573037398	-0.7325966852815955	 0.6531225993545136
 1.0137820698635707	 0.4469846148569701	-0.6989264770435
-0.3275966789541309	-0.4562626238070325	 0.5550090152666044
 0.11769159062914406	-1.6770977147454336	-0.18996676600566165
 0.6585825491419772	 1.4369963532893422	-0.4036214397014101
-0.9272083133889989	 1.3972357445473143	 0.20484561411002702
 0.03890388992331549	-1.0647861533587917	 0.7041741526709915
 1.186429021593017	-1.225440702967247	-0.046662002716415095
-0.9550231733472799	 1.3774463098896148	-0.20734726080435342
 0.9255489907415886	 1.3258409349841285	-0.3457398193279436
-0.08832506532334236	-1.6496380450689128	 0.27394499962245744
 1.4230032980615412	-0.9428363198696782	-0.017021733106091837
 1.4867647326609652	 0.7081374836815562	-0.2860236260442266
-1.4043428844013581	 0.3055827235972074	-0.5558798156100379
-0.7095592684517721	-0.6992252920253895	-0.7072033043143598
-0.20427896588578093	 1.0371739587921973	 0.7049047262323889
-0.7578899077134986	-1.3593723770912018	-0.43658042740367653
 0.7359484786890583	-1.0958489775119196	-0.6306548618427981
-1.4677087392204557	 0.8712087893334911	 0.024118815848790155
-1.3605228780218617	 0.8063063215093074	 0.4024985326868038
 0.7537746185940631	-1.0840220724100986	 0.630505845386334
 1.3104008888344272	-1.0236764194701298	-0.24654290306382703
 0.46698763615360206	 1.6085506203173232	 0.21111930379756014
 1.3838280555441362	-0.7407849107414946	 0.4191315361606693
 1.4572418702796996	 0.5998117480423782	 0.41053473453226813
-0.6198464609306963	-1.5446611841551614	-0.2423622776501892
-0.18502846565806855	-1.3553185747508754	-0.6039931672345018
 0.7154441373595936	-0.11045175076155293	-0.6510996688189182
-1.165676239102179	-1.2403982156879976	-0.0842959817627301
-1.662382059590458	 0.3837169611292865	-0.03979862465516009
-1.0300123674171047	-0.9759525666769298	-0.5697674600659705
 0.8735227074538846	-0.9915609763560311	-0.629936290279102
-1.1426641978031549	-0.10061412461080697	-0.6917492045490949
 1.4924012841308365	 0.447961157130089	 0.43426262478652783
-0.1348751265048569	-1.4771749735635986	-0.5162878611885705
-1.2941108422556877	-1.046715741001068	-0.24223961798379307
 0.7707697846700741	 0.9357813869376282	-0.674582808976881
-0.41282858097954767	 0.6119895428780564	-0.6569769286404892
 0.0585940967860258	-1.703651501206314	 0.060058201617682036
-0.9565929089700604	-1.4139845125276767	-0.008038961289628188
-0.452581714700507	 1.1774513690532598	 0.657116446745987
-0.28140937020387463	 1.1849120981667638	 0.672817661385432
 1.1882615350237666	 0.7388520048132174	-0.5837463853600892
-1.2513799493403872	 0.9170875548304818	 0.4427780815763228
-0.7721030728500193	 1.2033595556093934	 0.5616549390658031
-0.41882429491275847	 1.4277151545605935	 0.5119814300226642
 1.40610830019049	 0.36742596084941626	 0.5428176242882142
-1.5328145990612607	-0.007145053930359106	 0.46501817446555865
-1.2167920390076137	-0.7083026054163105	-0.5777037994848703
-0.643539602229139	-1.5067758917111884	 0.30419280833489337
 1.659866067913758	 0.15182141718601513	 0.2356600517082748
 1.3302241777247765	-0.6344014593463525	 0.5250759434160833
 0.5619429150631492	 1.6116029148087367	-0.025209332164871964
 0.7249646489851822	-0.9296355267251912	-0.6842128616813593
-0.6752854952548707	-1.2935509619915988	 0.5378476801356503
-0.9154694884735852	-1.3079315287514153	 0.37994059374297656
-0.05709518522982873	-0.5687442810393675	 0.5626961896815603
-1.060613912981592	 0.3932174570172726	 0.6949447662267445
-1.1726799884254466	-0.9657307187488804	-0.48024493044293065
 0.17727311636210627	-1.4506327104171062	 0.5359464995214543
 1.1850991389864038	 0.898723945421379	-0.5124996328863711
-1.3365793526780758	 0.352374949606706	 0.5950098316342415
-1.4405506314498353	 0.690752440903728	 0.3781871875285426
-1.3820990458279352	-0.9235454620750795	-0.24809777241244763
-1.6574374717162648	 0.36998905439037644	 0.11235458448758556
 1.6008734077284577	-0.5679117532939676	-0.1098964269192261
-1.1011918191770038	 0.36901341465654464	-0.688555601990447
-1.079809089592556	 1.2958711861385421	-0.16872094176998984
-0.8997645474660436	-1.3130870898580516	-0.3872255401489365
-1.5169273450238474	 0.7652515200218384	 0.10732277137359857
-0.6714151432978833	 1.218745476141951	-0.5889960371238124
-0.7630008737775985	 0.9052215741862526	-0.6828875264453128
-0.9170135136673947	-0.21450476905130528	 0.7048120494363905
 1.1384734943729684	-0.06367202843472124	 0.6931668268000454
-1.0268571460179325	 0.9582062005258406	-0.5801190808498251
 0.2545362669735519	 1.5122037501011623	-0.4642782742191713
 1.2623523929172473	 0.2738823933832703	-0.6442433196599274
-1.143494347791766	 0.6657321229753566	-0.6290566442385669
 1.5140432094071632	 0.787085153994482	-0.03373594083247059
 1.5802454585625132	 0.07247841223073663	-0.40191495369379665
 0.9339259706170538	-1.424336439578697	-0.07506864688835102
-1.152723802917089	 0.07621434483141123	 0.6899647879981546
-1.3471606495436739	-0.7026952652559579	-0.47995721611077863
 1.057977371178821	 0.8010008939686251	 0.6270762479015425
-0.4532929523162156	-1.4298169666776102	-0.5002006507721977
-0.6802888442952193	 0.9006134693504303	 0.6954098780022041
-1.6766617221097901	-0.31826721244448786	-0.02941802185894375
-0.8883089834226728	-0.9227062911508849	 0.6490728657554938
-1.6428382896643878	 0.18463359735469637	-0.27111936271640663
 0.23110341894697167	 1.3946994354431008	-0.5735759944391277
-0.9996197856244008	 0.9686418263842655	 0.5886691255924594
-0.0807669177137086	-1.5784930296101785	-0.4038607102614768
-0.12219334139918299	-1.3242914234991912	 0.625544465428286
-1.240005462080529	 1.0452262720400554	 0.336991460681836
 0.313949643583897	 1.6780105300548913	-0.011044731242182802
-0.8279912686788791	-1.4907656100566384	-0.05237216874834887
-1.129733388468962	-1.2540912430342752	 0.16410355919556135
 1.5581597555279911	 0.5730720706653278	-0.2535414655784743
-0.2333259002026958	 0.6924085947293133	 0.6539185298746006
-1.6899018418129996	 0.24206888433289847	 0.009384924377558761
-0.09798328080921131	-1.7021700134980673	-0.05606437709706744
-0.39980148671603016	 1.6128861981358984	-0.24961101354210477
-0.6166248462768962	 0.593010981289032	-0.6922948379268204
 1.2034152010570272	 1.1997853902875772	 0.10535968308727334
-0.1814037170811575	 0.9840377895409242	-0.707213307913358
-1.6998438219486367	-0.15354711171349045	-0.02519339589313854
 0.7004469259278692	-1.4705549032239165	-0.32356866060513684
-1.0864154587095107	-0.4093816920584328	-0.6886465554156389
 1.61695977182446	-0.13917282830868563	 0.33481219550669794
-0.652537905135981	-1.4185082554297201	 0.4300936782254652
-1.074766098415862	 0.06571652746799422	-0.7030340672393351
 1.3783793845028012	 1.005862063214067	 0.03459417516299707
-1.6304449541716524	 0.4039829253476899	-0.19517648505288993
-0.22039566193692595	 1.6677756726454527	 0.18614929262990237
 1.0839062355336733	 0.2809720011093918	-0.6970046498254584
 1.6540375517012977	 0.2865644902646388	-0.19886522799947973
-0.9099220362776499	-1.4220419224369618	-0.1627079486058217
 1.3967905368213964	 0.8290773202896767	-0.33224119880154085
-1.5561341369807842	-0.6324145275307255	 0.19522972736419622
 1.1978678949673949	-1.197994863363098	 0.13540114604860545
 0.2979950808134598	 0.9553345998528138	-0.7072131992954063
-0.26602930901050564	-1.2411181211134539	 0.6539293642569395
-0.05313394692916185	 1.7034046635443958	-0.06485909175394775
-0.800683434921314	 1.4845592074856637	 0.16903411362448748
 0.17100013445880707	 1.6952503847204976	-0.06886257936266828
-0.7801213915713069	 1.5182593168233323	 0.019064388686276367
 1.4836852596269068	-0.8232835538949362	-0.12093771409307563
-0.869527579774461	-0.9874393932132949	-0.6328293382209748
-1.3027201811619493	-0.5687922966723366	-0.5678960338326757
 0.46769592087023115	-1.4057699621528676	 0.5179582133467897
-0.6095902661374362	-1.3969879104757938	-0.47473033179082486
 0.38075759428818445	 1.422471808522435	-0.5261633772833909
 0.8819174702658295	-1.3612606752907541	 0.3365943949744289
-0.8986781022260149	 0.29404239029152485	 0.7051151011187158
 0.5661054489311786	 0.6907591679308488	-0.6990872309776426
 1.6048770392185177	 0.25802828734450184	 0.3300253082418338
 0.7925434510626577	 0.5540561638182074	 0.706443582618163
 1.4470756812284775	-0.04671789976628271	 0.5473569977642224
-0.6991499628356665	-1.0024395045405963	-0.6714106356677904
 0.5162240538672445	 1.3196457107522483	-0.5711772781865142
-0.11457413009650445	 0.5190604261711353	 0.5298212325502475
-0.4280154462539599	-0.9830445309769201	 0.703520316740434
-0.9820356783914492	-1.330411005363295	-0.2701115271085401
-0.5524887479086393	 1.1173825152764634	-0.662860318509529
 1.2957281739580142	 1.0147156255370409	 0.2883261909531526
 0.743431145742137	-0.9222082900855947	 0.6827096401519134
 0.6968963989570504	-0.5711489171740892	-0.7002558453910633
 0.3375658125780252	 1.6117600018461502	 0.2861657678448661
-0.5326472157829473	-1.3745666845890354	 0.5247129567570242
-0.26690145605636684	 1.4457784016491453	 0.5282570197769991
 0.3050942057296451	 1.3602186489341792	 0.5872847583011214
-0.5229534320947128	-0.23590199621611263	-0.5642855061809763
-0.19018034944682902	-0.5082784212057346	-0.539463814532701
 0.1795316269804255	-1.6393400540322995	 0.28065363804830434
-1.361010054333968	-1.0157293568771595	-0.11223811460207528
 1.4054430296467397	 0.5215034670205282	-0.5010706744451036
-0.8123318096321229	-0.3996979591453156	 0.7008499306983184
-0.4942767453550504	 1.6252386865255173	-0.1091625396429047
 0.032235511507818664	 1.6330288575025902	 0.314678630617078
 0.5690858265669689	 0.0836970759014456	-0.5654224376367276
 0.784793981554649	 0.10695344509796123	-0.6759490871904015
 1.5874364417873232	 0.3187796643103445	-0.34180663432989583
-0.9021718604586887	-1.3975767166506274	 0.24486258562886154
-0.48429620980541804	 1.420301858632591	-0.49955054082558614
 0.8135473093778798	 0.035077242880900535	 0.6823985122334714
 1.3013288496376925	 1.082367809091815	 0.14290799489221132
 0.8975428237499263	 0.2855791825561154	-0.7048213615298329
 1.0896361269590964	 1.173314893235668	 0.3723701910107816
 1.588522838941727	 0.12432882681973757	 0.38477296824969986
-0.8816471067853936	 1.4548180812096554	-0.09266461283542894
-0.9676121367121169	-0.8473182628860145	-0.6467305454579141
 0.30480784182061943	-1.4983452266687376	-0.4693331807847441
 1.5798785336538737	 0.40195740839786875	 0.3209141642676377
 1.0722232051140228	-0.22870989480430087	 0.7006203123312795
 0.3355124085345356	 1.1384888997764766	-0.6820706632633396
-0.5927753827991388	 0.9467674371793239	-0.6974636378849209
 1.2957763484373082	 0.8077229505038204	-0.4717174936331196
 0.9404485119290944	 0.6029057341478815	-0.6974495513815119
-1.3006268057872903	-0.6979490650405487	 0.5229863682713295
 1.0656722051588605	 1.0053328697064992	-0.5328094550559835
-0.9090298581296427	 1.4422314661372349	 0.05829363268418448
 0.0531879084263788	-1.6743755180898399	 0.21030664288853754
-0.5748667064577252	-1.0780764507334235	 0.6715425237649733
-1.3735418251184404	-0.8235206386115456	-0.3719521049294563
-1.428677039197152	-0.06924873102017914	 0.561200684588835
-1.436757905100229	-0.12594672383863056	-0.5518608591918467
-0.5907586896247673	-0.9033719268985009	 0.7027437103906986
 1.041941497510653	-1.30498116196498	-0.22663674071233536
-0.5144958496648073	 1.3063567859651395	 0.580446678663654
-1.2408878426295846	 1.1396982464325371	 0.1764467930536345
-1.3735053740454857	-0.7804088570695418	 0.4050446783096715
-0.24721474374673802	-1.514126316714764	 0.4634737000211315
-1.4086257394677557	 0.9434932633622447	 0.1286844672536781
-1.231826271596314	 0.7745315386182319	-0.5413331557674448
-1.5463322071555823	-0.12864456295025492	-0.44250046307008367
 0.44889714212511694	-1.2981208054877191	-0.600512338790993
-0.8474823726654409	 0.9358466454487897	 0.6566718800800658
 0.04669372966777485	 1.7055440313031043	 0.03816391839282946
-0.34360124426341304	 1.6621530283667667	-0.11802121907079668
 0.7490510326574865	 0.8929561756716903	 0.6875700465449287
 0.01950012882857756	 1.639054785079241	-0.30267434741159027
 0.5278658957803194	 1.5329598526394186	-0.3378452543089052
 0.5176786061027494	 1.4537818919377965	 0.4528602999529022
 0.7091629622260653	-0.760637782466361	 0.7060846855496127
 1.677869249655982	-0.3108162425135308	-0.03360022037067963
-1.5227126229084487	-0.5604883529962763	 0.3354574981972771
-1.5791238650505108	 0.6486285466068963	 0.009697660700417584
 1.364815491765802	 0.0827930975600557	 0.6043375120200372
 1.3620480801746202	 0.8825924432555118	 0.3346881184928805
 0.5559295238230902	-0.8608409845790733	-0.7067804961298517
-0.3763121825545858	 0.46775618176374517	 0.5834569311357899
 0.30684888055178927	-0.8385053188600681	 0.6990549878921534
-0.7824795016748295	-1.4279715603328293	 0.324628956735003
 0.5512374179757519	-1.5782904929337533	 0.22103521945447563
 0.15469213213546454	-1.3248529592494558	-0.6234524209720375
-0.7831984098099637	 1.2954392654068605	-0.4859732928394952
-1.5619614298238893	-0.413520557245293	 0.34781391047486326
 0.9567224374898456	-1.297071373431238	-0.3548561491435953
-0.31530790677658627	-0.688881539913578	-0.6643789536663818
 1.5529350522878078	-0.7033944254187948	-0.05827905858417058
-0.6161595685538882	 1.5720289708138073	-0.16174494302326983
 0.1711256948481565	 1.0850106806716404	-0.7003313786319003
-0.8696705651455336	-1.4603412798822741	 0.10292828846789344
-1.214562455035726	-1.1974731253802262	 0.04760511941764405
 0.9270427437234269	 0.9521374107620777	-0.6260799952212904
 1.0980125441009718	 0.6294976216710063	 0.6554197596099883
 0.5226627579326247	 1.4386620298322952	-0.46749263109351913
 0.27629888882496373	-1.6619212331366218	-0.1768971039721216
 0.6149481886283216	 0.493964495087075	-0.6749326088163057
-0.435943553566662	 1.5286679555654918	-0.39052072826337314
 1.1383881094870454	-0.9499709458426422	-0.5168757557825429
-0.02241746185589773	 1.052790326481029	 0.7052226413212982
-1.2612488257406376	-0.8488892926681523	 0.4789801671825179
-0.2603223164691665	-1.3918542245311147	 0.5719299705186927
-1.669646985602234	 0.0510507810615188	-0.2251184833004443
-0.6962603301937669	-0.053849706236890574	-0.6396499562597412
-1.4247038142769934	-0.5648655665662919	-0.46528626312364413
-0.6189429712157548	-0.4401112987933141	 0.6650521497198744
 0.698661496672938	-1.5201735827662595	 0.21718911969875668
 1.526145226739103	-0.3646724399222473	-0.4198394910927519
-0.07406802114593553	-1.695403840025329	 0.11963603209190005
 1.5174233647865394	-0.1692211301279936	 0.47180645532975035
-1.429739066048579	 0.09075772938212251	 0.55945847942551
-0.05113259157913569	 1.4497361008817957	-0.5450475606055635
-0.05730387007687947	 1.6807214149535783	 0.18825212925297208
-0.7399684354842192	 0.16983446083000414	 0.6649588973846599
-1.653133071695316	-0.40173559818598276	 0.09167369466167358
 1.6827890134387264	 0.13546493685763616	-0.16274769165381792
 0.8328826945589739	 1.4846305759797809	 0.08323044410775216
-0.527679521802621	-1.0236392314602292	-0.6907642635637525
-0.20659392972828355	-1.675594230331982	-0.16253781307545975
 0.16916435293670287	-1.5571450106922164	 0.4236125495060437
-0.9646912478704801	-1.149915455627869	 0.49917146864484835
-1.3352503313119275	-0.27348540885179573	-0.6069626782873219
-0.23581544986327752	-1.555972159096075	-0.4134890606758592
 1.705538727244791	-0.0594515835540327	 0.030056453086443533
 0.8979807399424737	-1.1332631545045881	 0.5489222238610212
-0.19829942101106343	-1.6942440636777718	 0.04454411816634148
-0.5048689655579158	-1.5717444776381533	 0.27669130084011384
 0.4511100871889416	-1.1249067206980878	 0.6746940350734625
 0.9997426087727055	 1.3475131263896796	 0.20157262393940298
-0.37630919579671923	-1.5527385444719286	 0.3780484151317669
 1.2719818217592287	-0.791461719665984	 0.5020280948204345
-0.773367998856885	-1.1285499644896806	-0.6038597366399288
-0.8158662454387335	 0.7312013156014683	-0.7007251403080382
 1.3415289484751776	 0.6627537760601584	 0.5038132629591485
-0.7620900448804774	-1.4966427313570583	 0.19603727403818944
 1.3002415497302342	-0.060208025451132074	 0.6396620253101108
-1.1229173786362558	 1.285626934825973	-0.018182433558182217
 1.4702121812284343	 0.8188272944118234	-0.18400997420638304
 1.1934492057823998	-0.6770091290824203	 0.6014079832695259
-0.7008687904553904	 0.42519449464149933	-0.6838602193089361
 0.46414015842452117	 1.0173228894727007	-0.6972658967458306
 1.1380013944450988	 1.2374071869511944	-0.19026975335035512
-0.6669692813608136	 1.3152756988062897	 0.5242063090385511
-0.1738398324714668	 1.521960268268839	-0.46613308519481494
 0.12640395452208208	 0.8873172413054701	-0.6995657812825852
-1.5899066845907417	-0.26126890809645437	 0.35573578429989655
 1.2939664626141116	-0.5555071231760361	-0.5775377526662807
-1.2863305716777778	-0.953763844416386	-0.3722001919218487
-0.11040583540962946	 1.4590599303627665	 0.5343855997977957
 0.41174548506795605	 1.607513957833678	-0.25560108208292287
-1.2624646169954954	-0.836439129506112	-0.48531444442649624
 0.02045192543593726	-1.2472175240080146	 0.6625342324566641
 1.2145323220978252	 0.09427960756059486	 0.6727152932145666
 0.08411122186213568	 0.8970175040665179	 0.7002432467419867
-1.3364464551174045	-1.0142386521262372	 0.2020807766044435
-0.7492487992944374	-0.5956779060228969	 0.7059164588919009
-0.6494841218898139	 0.767851717798864	-0.7071906341571061
-1.5454523294509097	 0.29525019359985183	 0.41395719955386456
 0.2400861921529909	-0.4782039855272083	 0.5329249251352198
 1.629501834647412	 0.5062684108798521	 0.03521258477031446
-0.387393412322765	-1.5335934102780489	-0.4021191809946591
 0.1293894344633508	-0.7084217304490837	 0.6494843742001194
-1.5046844508560897	 0.6201686278143363	-0.32622459864676484
 1.1167545277308588	-1.083741541727373	-0.43684805279693023
-0.9947058199013916	-0.37782303587054256	 0.7043077415363276
 0.8090131601256001	-1.468529108437442	-0.20573324037432342
 1.3451973027505941	 1.034763921065081	-0.1189268247993144
 1.5476203091992249	 0.6853743244695223	-0.1430657685865042
-1.675667088476226	 0.09415088504502059	 0.20011631421465523
-1.266512962402458	 0.34346709131485137	-0.6345432327179417
-0.12167294497721381	 1.7000287659400004	 0.06327409591754699
 0.15971308639413043	 1.070490688996325	 0.7024039209630781
-1.258495537327907	-0.2878388540074704	 0.6445729423088357
-0.21694464178794506	-1.6659694700213765	 0.1941720266638121
 0.5972079524726845	-1.506578811953023	 0.33907401554173555
 1.5215745339743403	 0.28604591259150475	 0.44676236932890034
 0.5388860985422292	-1.6038921560614243	-0.14589481490209497
-1.6389139883811772	-0.47158747201368517	-0.050432321925102164
-1.3015596222061359	-0.11661276391778504	-0.6372136992634375
-0.6196300954651517	 1.184798996357466	 0.621732672230379
-1.0101406704815583	 1.1057505311726588	 0.5024519983460927
-1.6285073708256634	-0.12602902190705678	-0.31461874106555643
-1.0977440680547166	-1.2637837646386423	-0.21426406698892073
-0.9358438872645831	 0.10023582297834427	 0.7047646439560714
 0.315289581017931	 1.6609925210426988	 0.15215475330527478
-1.3553896118215352	 0.9916551802989728	-0.19630507402739114
-0.3858236402003292	-1.6426506048826608	-0.16642294238119695
-0.6862029184185348	 1.4288623151374524	 0.3972611687877751
 0.06108964761966434	 1.2134069520965374	 0.6737582795031138
-0.6859187659919636	 1.500969105039686	-0.27802749700135215
 0.3237000947145887	-1.3643823343558852	 0.5816712459190713
-0.7140720776743678	-0.2249599770670096	 0.6610476479634766
-0.3523016866716988	 1.3158403918235788	 0.6074305644289151
 1.2810390938759382	-0.7124388527351411	-0.5321298108223996
 0.30155390976253665	-1.5804807555313303	 0.359555555061627
 0.027789892366755508	-1.39478952046292	 0.5865779019184617
 0.9021662940989368	 1.4082256064075684	-0.21908096464996507
 1.2669716251767806	 0.5349010289505062	-0.5994431004513746
 0.0852494597614981	-0.5821556249943178	-0.5750714398038971
 1.0923151241951263	 1.3061186812770118	 0.08000290372150302
-1.4937466568702948	-0.4233946920542405	-0.4413536543893025
-1.4236807298442744	-0.9134113117063875	 0.14823207253089424
-1.2415465373906986	-1.137325222836238	 0.1807330422706601
-0.11970639433276378	-1.1571711818374746	 0.6880908447745824
 1.1753782912276545	-0.3202144185760219	-0.6727054420937031
 1.3096941646706486	 0.6568845186528453	-0.5326769722031448
 0.9122067731612656	 0.8534855801602347	 0.6618449943050182
 0.19016066229276812	-1.686655243402726	 0.11775552133704197
 0.9382827670791501	 1.2215968623140698	-0.4562615083064791
 1.4300133199998588	-0.31691680938018085	-0.5331003532254405
 0.13658563618577016	 1.5854509509152226	-0.38792732758015996
-0.6714577591402606	 1.5102733523566536	 0.2720111406330808
-1.4483294573893475	 0.877648627837192	-0.13862079214035627
-0.11030750561108703	 1.2002422680269547	 0.6767590105897208
-1.1424864804661647	-1.1775292459053575	 0.29945370495599716
-0.11572675997852032	 0.8761796918995454	 0.6976002580004859
-1.227704873601564	 0.6261215290586208	 0.5976256069582607
-0.8888848155206406	-0.7303177590213715	 0.6910304116028425
-1.4082542845377557	-0.23948301310471976	 0.5626391332115345
 1.5788768256756764	 0.6493602433945136	 0.00487821271988533
 0.2810070571560347	 1.6021411609388312	-0.3279114366570237
 0.9834573077721348	 0.12541201647671663	-0.7071615471284924
-1.0306243784053954	 1.3530570025560755	 0.09453017607003676
-0.8244128282686325	 1.4446893283035882	-0.2451482526062058
 0.17409141366483363	-1.3197665080749637	 0.6248664650898388
-0.7254330150923025	 0.38419047244562193	 0.6841560929991166
-0.5509737775609196	-1.2330269212986325	 0.6142318357667828
 1.298127437216341	 0.24141832525154752	 0.6304793650886014
 0.8864073300267648	-1.2639070163516055	 0.45219659075171287
-1.3957740309283642	 0.8746770068850591	-0.2851178265224625
-1.1047820182389168	-1.0874243595602278	 0.4443660332571306
-0.5342138783045024	 0.2695636441053146	 0.5821047834048771
-1.3284105347484723	 1.0676551359980702	 0.0643750643970916
-1.237522326067071	-1.0656117514501044	 0.3151910495676377
 0.5466424701777023	 1.590728251055743	-0.18703555219423412
 0.7288585004381852	-1.242642428814924	-0.5531747719783662
 0.5048770368850145	-0.2357469161432894	 0.5514378011583779
 0.4486005214721007	-1.4264497039868917	-0.5047799080787697
 0.4322011948323089	 1.6442784116147175	-0.09982986314484706
-0.6136357948816993	-1.1582108804978763	-0.6352957659129105
 0.9997476861823447	 1.2745339151455661	 0.3404850825905983
 1.2442656422836456	 0.5653070443693742	 0.6047387408177813
 1.3883389353260447	-0.19089290829578737	 0.582261269295493
-1.6035689706928327	 0.4794970499341269	 0.21505228617232325
 1.0184357282080956	-0.7352411711492253	-0.6592139870952003
-1.1964115968689606	 1.201420921236782	-0.12803426799295792
 1.2641216718172672	-0.8592140856600378	-0.4699568845877653
 0.43086291398667487	-0.9763313014782733	-0.7040158839128581
 0.4230472725975648	 0.8185171930827833	-0.7028298477915909
-0.1354767388086155	-1.219974363172775	-0.6696318505597535
-1.5438835040842682	 0.4575281698268325	-0.3574139841036162
-1.6360990214886788	-0.3371255570671629	 0.22498792941109705
 1.6964084590248183	-0.016542637942961014	-0.12269457088401119
-1.4195109944357287	-0.6302863369817476	 0.4406552467167902
 0.9006861677924348	 1.2492513209064404	 0.45657235641725363
 1.1804657679048371	 0.4159347885058223	-0.6609453559353529
 0.15680348692698112	-1.4499747876259514	-0.5385110860811968
 0.8819273592687044	 1.3611898589172418	 0.33669426287277227
-1.4568512241218206	-0.27775360208330047	-0.5165006739431833
 1.152305705950015	-0.8041816095596417	-0.5796415664744196
-1.5751630841600937	 0.15287751091779284	-0.40096096284273114
-0.26834140394271117	-1.0674128440557749	 0.7000182008031444
 0.7033580607172905	 1.5547637583110117	 0.032657065089304306
-0.9220701135424837	 1.3276676353325225	 0.3466105909683134
-1.6266532470123287	-0.2693432741749118	-0.2814384140878162
 0.7598643756003202	-1.2227456242273775	 0.5539736746502425
-1.2839460098741406	 0.6087824419056936	-0.5682797884823673
-1.66808156671016	-0.04414323367422254	 0.23029854458065935
 0.8815406364283317	-1.4580197945998217	 0.06939827232236442
 1.060292400785543	-1.3316588145286978	-0.08393712928130485
 0.7437472521222274	-1.4385973540594457	 0.3411641163689687
 1.4142527949285417	 0.744755183715576	 0.3769750069394751
 1.392742219741453	-0.024969055103960008	-0.5879870317448733
 0.6101283734375732	-1.4184775423604814	 0.45174594021147313
-1.3440146236951667	 0.5115823789705044	 0.555186050967206
 0.6330954495658251	 1.0576045376416268	-0.6678635977549372
 1.1843803666065518	 1.0653141290955035	 0.38535864310507534
-0.8102558431854125	-0.5359060035327026	-0.7066369552806839
-0.8358542909245246	-1.2222777518387866	 0.5186831327740323
 1.147675431337488	-0.8314308313050328	 0.5710525457036012
 1.206008066039821	 0.7243142112401083	 0.5785021358571852
-1.3819089476175141	-0.4254853619502807	-0.5489066762259994
-0.06510395148830374	 0.8441466926979302	-0.6903882234879684
-0.7308900502640556	-0.9979195088031133	 0.6663378024840326
-1.3230281669295378	 1.0257477888361488	 0.2139155596420135
 0.3201183915836474	-0.846832896167945	-0.7008469698109877
 1.3494625344672622	-0.901626432139616	-0.33478274533013114
-1.6999380217647933	-0.06326162604458302	 0.09267786433053755
 1.5294852117361908	-0.6880995582976733	-0.20403299726670807
 1.5054799936922152	 0.6855175748953956	 0.26863141965572956
 1.0132002374090012	-1.2703354215611697	 0.33112041777296464
-1.1283508398546236	 1.108934594074327	 0.40169396961066844
 0.3959063245501778	 1.52928511316747	-0.4050900767003646
-0.2910165406700409	 1.5775815571132539	-0.3675523127968562
-0.9409464978681232	 0.6581212573343355	 0.6914981178447215
 1.0846685641869682	-1.2032739481812766	-0.3402366269531581
 0.0036474760011469725	 0.7103260933966056	 0.6451709066476453
 0.1921512275110845	-1.629066924550897	-0.30015001967319604
-1.1234965865685629	-0.9206937189049845	 0.5434549765027391
-1.106464182836068	 1.0373623107825711	-0.48287738348816395
-0.9680741201980443	 1.107650247945904	-0.5274855611873743
-0.06813032931246822	-0.789158680836977	 0.6759631714440542
-1.0782009608958631	-1.0877324061709228	-0.4664696645296404
 1.1531426242605654	-1.2226922589843117	-0.19186983654823267
 0.47113708528853243	 1.3514418925104499	 0.5605425888590442
-0.0425514959329665	-1.6760502826809915	-0.20585565990025603
-0.4831084856031825	 0.3939521796416594	-0.5985833943945986
-0.4850923102745557	-1.6234687524318685	 0.134053531368499
 0.801033605636815	 1.3263475483833922	-0.44523634692529507
 0.8371748468773074	 1.012149343695779	 0.6339263721542829
-0.8581473578099875	-1.0777721788278343	 0.597918712407459
-1.5449088163207607	 0.43940551842289644	 0.36427254584043633
 0.274097205206296	 1.5567092486691894	 0.40371996772246665
-1.6011420159953889	-0.48774420143069375	 0.21486568080636748
 0.6959330636335187	 0.2183055295265173	 0.6533837132124178
-1.4884827343495377	-0.835053141331346	 0.026406259957927825
 1.3469783517842862	-1.0417537766573859	-0.0786940756556059
-0.3036535797946797	 0.8522677387557168	-0.7007694133153268
 1.014172128811748	-0.8950286991272878	-0.6130249530262682
-0.9815343600416674	-1.2062505867953814	-0.4381486984265333
-1.522848673419518	 0.765633342733904	-0.062085952668244404
 0.33598279256580377	 1.086803116955795	 0.693707708028706
-1.0922934654101508	-1.311310198140893	 0.028336189291437875
-1.3057889646033967	 0.18162474786809218	 0.6315046555639956
 0.889257298315098	-0.2641202283988008	 0.7035032318821953
 0.00220210185804324	 1.0322232267904727	-0.7064789861595642
-1.4337680271782571	 0.5713503644794521	-0.452604057160573
 1.3994189996282909	-0.8453884753590719	 0.3114353649875506
 0.0902411618688788	 1.681032103819706	 0.18177924173730892
-1.0890622098125118	-1.1983570114500444	-0.341503811267876
 1.5672476780171287	-0.5464416504149463	-0.25464433489742366
 1.5475540341349792	 0.5450700985263074	 0.29933995676370395
-1.088258395555233	-0.505588435516607	 0.6783534313955484
-0.6727040589277808	 1.5567480780936058	 0.12612561268858427
 0.591929072087663	-1.2006413689871822	-0.6208731258649985
-1.0075215651300018	-0.061160631542754605	 0.70715142109733
-0.9247281039646447	 1.2384960900161288	-0.4499233198303503
-0.7655517087252938	-1.4946419603983194	-0.19675481870105901
 0.6009440471255129	-1.0166528775256425	 0.683664256903064
 0.8757776779828846	 1.430450937321453	 0.20366615924720807
 0.2049697979462531	 1.253123635480574	-0.6537368553515038
-1.6424676870963792	-0.38144260988923834	-0.17120120846269724
 1.1807553538105413	 1.2313267795684288	-0.041846307597388006
 0.9636923066523171	-1.3720141367440895	 0.20568849354700441
 0.32358476805930786	-1.675125813854877	 0.03979458934923615
-0.2719801822640601	 1.6839095833957076	 0.04573978998522136
-0.24927691528706242	 1.2626957440732014	-0.6463311966782339
 0.76929140385529	 1.3544442255335656	 0.4349228296326689
 1.258865743166147	-1.1304326015261559	-0.14624122791536057
 0.5618775701583548	-1.5469756535447376	-0.28813506726050186
-1.6754093696686976	-0.22751384334083083	-0.15154210476565225
 1.375950018496617	 0.5152885040135097	 0.5290885374645548
 0.32151966971809426	-1.485465571676246	 0.47947235385384934
-0.5304783114834031	 1.6187323437214443	 0.07297787237996603
 1.3999240636006722	 0.7041801318203791	-0.42261239907533416
 1.6934026449249007	 0.0456908681356719	 0.13597336070011928
-1.3058729839389365	-0.1380100318001138	 0.6341064277721628
 0.6871467564269849	-0.35225638158904016	-0.6695125897651784
 1.636457529219685	-0.42797699171524106	-0.1482727383538172
 1.1275244992452855	-1.0948321115552004	 0.4164241885226021
-0.7998569768927993	 1.3289673241863478	 0.4432096772679268
-1.5882717032423526	-0.6142555728118154	-0.0778627990572641
-0.006369077678701032	-1.0923459176172503	-0.7011560792427999
 1.2846982346369296	 1.124283471762747	-0.0069117422857596375
 0.5903897476576312	 0.8174040634433508	 0.7071646352013046
 1.4458527550470446	-0.8019348064278479	-0.27069461752347224
 1.0222781034071768	-0.40025694323396876	 0.7004126583751171
-0.29202833488393226	-1.207029225507406	-0.6645734972461171
 1.0224757159368882	 1.327566150429548	-0.20883875875802196
-0.5612131551016726	 1.0370226244793574	 0.6841484838684523
-0.4487816053161044	-1.646956881144073	-0.017104441662757115
-1.3178808387228131	 0.8465615535161318	-0.4235446003951323
-0.6928309077511259	-1.4622758989437452	-0.3436518772122563
 0.9472310730095398	 1.4150549577090936	-0.07862683998117136
 1.1730527139453204	 0.1339035671573069	-0.6837464553589147
-1.616099091324894	 0.05191853145765488	 0.3457526823862783
 0.8968159859029615	 0.7905114385998528	-0.679658879448243
-1.6692425183197312	 0.27065394452849006	-0.15037137895428562
-1.346972076330579	 0.6640191514110841	 0.4983946893080176
-0.6386384469626813	 1.3583164341228364	-0.4991889055762269
-0.8720533771323566	 1.0156749971001269	-0.6208419402889328
-0.8078532070536286	 1.4242352497913526	 0.30638959819914435
-0.6824076277769839	-1.2723613697091642	-0.5506222515823823
-1.1483311536044898	 1.1861856757022957	 0.27638653527385976
 1.1854965058036	 1.0296439787235696	-0.41833986731684275
-0.4113495175300325	 1.6567862268705136	 0.013333296049940683
 0.7201775860244509	-1.3685256388484293	-0.4489317382514512
-1.0050314765343376	 0.22324030647791474	-0.7065969433355893
-0.8341873351546603	-1.2352243261636024	-0.5094525564018723
-0.5900509962569065	 1.4712344201199223	-0.3971826736732189
 1.1601936684299499	-0.6477962525287047	-0.6261362318707265
 1.1707384857499523	-0.9587376299729834	 0.48658594637002495
 0.5473384739946298	-0.8510579522652005	 0.7071139727511496
 1.6543935610364788	 0.39926786772107314	-0.08660315940222253
 0.5900886033051138	-1.3396571644196558	-0.5338398788559017
-1.4522818917170348	-0.6901513042503991	-0.36135155576193295
-0.2089166309948982	 1.4037346484478848	-0.5695838900252234
 1.377368187409227	-0.7658109283690925	-0.4104094248638431
-1.1902655661360986	-0.2637786040928332	-0.6724039714228555
 0.5847378968000877	-1.4540434141907845	-0.42239671503619913
-0.09648996786681208	-0.7255588788671662	-0.6544451730901407
-0.537263085374572	-1.6070467213706607	-0.13361647876185676
 0.7892926227782457	 1.4203419230225904	-0.33110461094403654
 1.3323780851386067	-0.3448808894131856	 0.5987961878075859
-0.7117123190404028	 1.0672764809504098	-0.6482028235725348
-0.8325109879404756	 0.2734591165470314	-0.6963064583737846
 0.14415426978631504	-0.9694998053163804	-0.7069351831843202
-1.2897053417962023	 0.9738866707612857	-0.3472258224247837
-0.42410213168573346	 1.5896396084835804	 0.28950921549066067
 0.2933442096571049	 1.6616747631603979	-0.1663581226440494
 0.40390391175247214	 1.2357058954416853	 0.6404110030079839
-1.0333350484806108	 0.5473650212985567	-0.686636819422274
-0.19014139459100243	 1.3319979510873836	 0.6170739593920116
-1.203099524538723	 0.2936594091327791	 0.6658129671491047
 1.4764532386809848	 0.37492723382457616	-0.47570350847787096
-0.23811568149251153	-0.8798111090471229	-0.7016497890024616
 0.7928393832780104	 1.0811959953658907	-0.6197164571672372
-1.1933034276984276	 0.4983150210003151	-0.6435851765025243
 0.6302952467356011	 1.3489293062651408	 0.510987679828433
-1.6726603364624735	 0.23281734665788364	 0.16039189181736221
-0.3592703604485703	-1.332688270863045	-0.5962793754167064
-0.20110831679341792	 1.6898167516262055	-0.08780358163326085
 0.4973945229466067	-0.4702210655991626	 0.6329269039669874
 1.1663171238695538	-0.4850578587965247	-0.6564275400850083
 0.8518715568481865	-1.275214252031091	-0.46416299264722866
 1.5638050356455746	-0.028402560197499805	 0.4265958743931277
-1.6109179027870808	-0.5538187266232586	 0.07277945995180778
 0.868906282208384	-1.142252637931609	-0.5574676186889846
 1.277195754051384	-1.1321161555245693	 0.02623805715522723
-1.0268644257502189	 1.222617059773813	 0.3797075641992773
 1.1327821319173599	 0.4547590246643693	 0.6719091937846704
-1.0604452885396827	 1.1693452634752497	-0.4066903711542336
 0.12205459134084054	 1.5677138959785717	 0.4152624184210463
 0.4513784081140965	 1.5446810262970485	 0.3590668386804458
 1.0661500830408275	 1.1298860188504671	-0.4402322267854917
 0.9375848602412084	 1.09753509467741	-0.5508830999425987
-1.6218178001792827	 0.19809584064225297	 0.3136214424467586
-0.3547411155114875	-1.043177170971268	-0.6998420363902444
 1.1482140406870787	 0.2574486247743376	 0.6847775466301016
 1.646743774422003	-0.45031739838615115	 0.0033680992440295212
 0.5323575605868254	-0.6773726980312909	 0.6935256393645881
 0.1675629965537023	-1.164665175642429	 0.684794315728098
-1.468322632776863	 0.1603090893161857	-0.5220884907876843
 1.271376546768926	 0.39907433952818594	 0.6241548221417547
 1.4620851216121673	-0.31203590306364615	 0.5050887903544853
 1.0599250548233077	 0.8633119475478607	-0.6045213259135288
-0.08454585925389262	 1.3146423464108572	-0.6320085828670886
-1.1655895191756607	-0.7688473581431704	 0.5857278059501703
-0.30677796572705845	-1.6175053982674157	-0.2870457149546238
-0.8222244756741689	 1.1640920077215724	-0.565124302878017
 0.32102794206955737	-1.5866283856146701	-0.3424359810060988
-0.2029637331732539	 0.689728915273967	-0.6489792908461053
 0.16342390755746733	-1.5574850604636976	-0.4239751107641421
-1.2135996334794634	 0.4640645267884099	 0.6407578940304273
-1.0068501533975067	-1.0112795098587088	 0.5637293514415277
 1.525983412388906	 0.7430184370508868	 0.11821726168056226
-1.1258940832501672	 0.8614953000837827	 0.5706977481281058
-0.5047880340732432	-0.24912581125046393	 0.5559755233852366
-0.5781201631337524	 0.520050062167152	 0.6713367779763071
-1.4955683092893208	-0.33186439162958986	 0.46603057876444226
-1.1626091950043989	-0.10104364513848103	 0.6872152286077424
-1.4281830616089457	 0.7430782985047335	-0.35796277191141784
 1.6602995764561577	-0.3491133807620595	 0.12202429555589006
 0.9032196722552375	-0.05953993291334869	-0.7008282298270851
-0.7944534305669588	-0.8519037948494245	-0.6877300186128017
-0.5433759241085473	-1.5001715889430172	-0.3814106502084655
-1.5572140069714537	-0.6959867350566296	 0.046687446065336084
 0.2743903466630352	 0.914112054521573	 0.705742330775492
 1.4777210132481104	-0.6607836712278315	-0.34252198814642876
 0.5044186989705881	-1.630979697710304	-0.004327335272389134
-1.6197067536194576	 0.5233750576776077	-0.08433856812723893
 1.1848186935033882	-0.37294857229693484	 0.664472946330084
 1.0836604602838587	-0.019303569223695555	-0.7022272981153294
-1.1400240091794345	 1.195927523295151	-0.2733749878375639
 1.4031869421839476	-0.9307974120067404	-0.18031580582387968
 1.650438405962921	 0.3106069801547873	 0.1963435756406897
-1.594487914526032	-0.5231572717615107	-0.20076083997230404
-1.6812299639925445	-0.08589319193103087	-0.18189151028971903
 1.1269395016435801	 0.5833846503765995	-0.6540615836471028
 0.4238660638383216	-0.9678491502786517	 0.7049453704575558
 0.9679988847466093	 1.4028552436150123	 0.0628725489534036
 0.661828762614946	 1.3309210949609138	-0.5133921955549444
 1.0523128050765338	 1.2374058529329257	-0.33215877364750235
-0.3145046812606111	 0.8669904747138584	 0.7029291618993836